-0.000748709  -0.00146834     0.999999
  -0.0293015     -0.99957  -0.00148965
     0.99957   -0.0293026  0.000705362
           0            0            0
-2.59605e-05   -0.0056195     0.999984
  -0.0252839    -0.999665  -0.00561836
     0.99968   -0.0252836 -0.000116131
-0.000332011 -0.000917584  -0.00290818
 0.000381868  -0.00792446     0.999969
   -0.023165      -0.9997  -0.00791349
    0.999732   -0.0231612 -0.000565324
 -0.00060894  -0.00172678  -0.00535056
 0.000795381   -0.0102287     0.999947
  -0.0209505    -0.999728   -0.0102098
     0.99978   -0.0209413  -0.00100946
 -0.00088454  -0.00235895  -0.00772386
 0.000961921   -0.0118151      0.99993
  -0.0191856    -0.999746   -0.0117945
    0.999815   -0.0191729  -0.00118836
 -0.00110918  -0.00298198  -0.00975432
  0.00112914   -0.0134015      0.99991
  -0.0175979    -0.999756   -0.0133796
    0.999845   -0.0175812   -0.0013647
 -0.00133141  -0.00337533   -0.0118573
  0.00131622   -0.0141848     0.999899
  -0.0176232    -0.999744   -0.0141594
    0.999844   -0.0176028  -0.00156587
  -0.0014773  -0.00328881   -0.0125269
  0.00146866   -0.0148719     0.999888
  -0.0176529    -0.999734   -0.0148437
    0.999843   -0.0176292   -0.0017308
  -0.0016237  -0.00287178   -0.0124509
  0.00164078   -0.0153663     0.999881
  -0.0178216    -0.999724   -0.0153347
     0.99984   -0.0177943  -0.00191418
 -0.00177109  -0.00219521   -0.0121852
  0.00181438   -0.0158606     0.999873
  -0.0178955    -0.999715   -0.0158256
    0.999838   -0.0178645  -0.00209769
 -0.00191953  -0.00160703   -0.0117731
  0.00182445   -0.0165246     0.999862
  -0.0173903    -0.999713   -0.0164904
    0.999847   -0.0173578  -0.00211129
 -0.00199237  -0.00144882   -0.0116781
  0.00185229   -0.0182828     0.999831
  -0.0162357    -0.999702   -0.0182503
    0.999866   -0.0161992  -0.00214857
 -0.00200736  -0.00171104   -0.0116618
  0.00187977   -0.0200411     0.999797
  -0.0152077    -0.999684   -0.0200102
    0.999883    -0.015167  -0.00218395
 -0.00202112  -0.00190322   -0.0116686
  0.00191468   -0.0217988     0.999761
  -0.0139181    -0.999666   -0.0217701
    0.999901   -0.0138731  -0.00221744
 -0.00203903  -0.00229298   -0.0118118
  0.00188403    -0.020063     0.999797
  -0.0152987    -0.999682   -0.0200319
    0.999881   -0.0152578  -0.00219037
 -0.00206164  -0.00226488   -0.0118201
  0.00199588   -0.0263522     0.999651
  -0.0112235     -0.99959   -0.0263282
    0.999935    -0.011167  -0.00229083
 -0.00204917  -0.00245628   -0.0118172
  0.00210504   -0.0240319     0.999709
  -0.0122911    -0.999636   -0.0240043
    0.999922    -0.012237  -0.00239966
 -0.00205366  -0.00229814   -0.0117894
  0.00209654   -0.0215163     0.999766
  -0.0140231    -0.999671   -0.0214849
    0.999899   -0.0139748  -0.00239757
 -0.00204584  -0.00232928    -0.011758
  0.00202131   -0.0191654     0.999814
  -0.0156781    -0.999694   -0.0191314
    0.999875   -0.0156365  -0.00232117
 -0.00203198  -0.00242896   -0.0116279
  0.00231604   -0.0220443     0.999754
  -0.0137372    -0.999663   -0.0220105
    0.999903   -0.0136828  -0.00261809
 -0.00203804  -0.00237799   -0.0116933
  0.00182897   -0.0165206     0.999862
  -0.0175021    -0.999711   -0.0164861
    0.999845   -0.0174695  -0.00211759
  -0.0020203  -0.00226743   -0.0115204
  0.00299467   -0.0201039     0.999793
  -0.0144343    -0.999695   -0.0200587
    0.999891   -0.0143713  -0.00328394
  -0.0019996  -0.00233967   -0.0113156
  0.00186418    -0.016423     0.999863
  -0.0176004    -0.999711   -0.0163876
    0.999843   -0.0175675   -0.0021527
 -0.00197374  -0.00239385    -0.011121
  0.00209749   -0.0177516      0.99984
  -0.0166586    -0.999704   -0.0177142
    0.999859   -0.0166187  -0.00239259
 -0.00195953  -0.00229748   -0.0112343
  0.00240718   -0.0189912     0.999817
  -0.0154929      -0.9997   -0.0189517
    0.999877   -0.0154444  -0.00270069
 -0.00196604  -0.00234604    -0.011178
  0.00203206    -0.017653     0.999842
  -0.0167595    -0.999704   -0.0176165
    0.999857   -0.0167211  -0.00232731
 -0.00195577  -0.00247639    -0.011297
  0.00184678   -0.0166721     0.999859
   -0.017636    -0.999706   -0.0166369
    0.999843   -0.0176028  -0.00214027
 -0.00194198  -0.00234463   -0.0113726
   0.0020572   -0.0182606     0.999831
  -0.0165674    -0.999697   -0.0182241
    0.999861   -0.0165272   -0.0023591
 -0.00194853  -0.00240985   -0.0113349
  0.00170211   -0.0159506     0.999871
  -0.0180792     -0.99971   -0.0159173
    0.999835   -0.0180498  -0.00198999
 -0.00190649  -0.00243805   -0.0112962
  0.00193321   -0.0173762     0.999847
  -0.0173398    -0.999699   -0.0173401
    0.999848   -0.0173037  -0.00223393
 -0.00186593  -0.00233889   -0.0111671
  0.00138074   -0.0147501      0.99989
  -0.0184807    -0.999721   -0.0147221
    0.999828   -0.0184583  -0.00165294
 -0.00182438  -0.00223943   -0.0110386
  0.00141179   -0.0155925     0.999877
  -0.0182912    -0.999712   -0.0155641
    0.999832    -0.018267  -0.00169659
 -0.00172652   -0.0023345   -0.0106189
  0.00164254   -0.0165269     0.999862
  -0.0180462    -0.999701   -0.0164946
    0.999836   -0.0180166   -0.0019403
 -0.00177558  -0.00228671   -0.0108283
  0.00129633   -0.0154479      0.99988
  -0.0184186    -0.999711   -0.0154214
     0.99983   -0.0183964  -0.00158048
 -0.00166665  -0.00221502   -0.0103468
  0.00119995   -0.0162604     0.999867
  -0.0184901    -0.999697   -0.0162354
    0.999828   -0.0184681  -0.00150024
  -0.0016135  -0.00200646   -0.0101767
  0.00115112    -0.014107       0.9999
  -0.0190478    -0.999719   -0.0140826
    0.999818   -0.0190296  -0.00141951
 -0.00156245  -0.00179741   -0.0100055
  0.00116013   -0.0134918     0.999908
    -0.01945     -0.99972   -0.0134667
     0.99981   -0.0194326  -0.00142222
 -0.00147818  -0.00168182  -0.00964629
  0.00118943   -0.0125604      0.99992
  -0.0225066    -0.999668   -0.0125305
    0.999746   -0.0224899  -0.00147173
 -0.00129447  -0.00127199   -0.0080781
  0.00124769    -0.015976     0.999872
  -0.0192092    -0.999688   -0.0159491
    0.999815   -0.0191868  -0.00155419
 -0.00138484  -0.00147296  -0.00886163
  0.00117504   -0.0114885     0.999933
   -0.024231    -0.999641   -0.0114566
    0.999706   -0.0242159  -0.00145299
  -0.0011584  -0.00124069  -0.00671612
  0.00165783   -0.0119788     0.999927
  -0.0189965    -0.999748   -0.0119452
    0.999818   -0.0189754  -0.00188497
 -0.00096783  -0.00145745  -0.00525037
 0.000305302  -0.00684402     0.999977
  -0.0252024    -0.999659  -0.00683415
    0.999682   -0.0251997 -0.000477684
-0.000772743  -0.00166584  -0.00378563
 1.54373e-05  -0.00543983     0.999985
   -0.025249    -0.999666  -0.00543771
    0.999681   -0.0252485 -0.000152782
-0.000578285 -0.000896293  -0.00234734
  0.00132416   -0.0119577     0.999928
  -0.0193113    -0.999742   -0.0119299
    0.999813   -0.0192941  -0.00155474
-0.000552924 -0.000966784  -0.00247742
-9.33457e-05  -0.00506701     0.999987
  -0.0260078    -0.999649  -0.00506772
    0.999662   -0.0260079 -3.84686e-05
-0.000526827   -0.0010366  -0.00260323
 0.000880001   -0.0104708     0.999945
  -0.0208222    -0.999729   -0.0104502
    0.999783   -0.0208119  -0.00109779
-0.000976066  -0.00252452  -0.00722387
  0.00121637   -0.0127317     0.999918
  -0.0187928    -0.999743   -0.0127066
    0.999823   -0.0187758  -0.00145533
-0.000750859  -0.00178121  -0.00491584
  0.00121588   -0.0129577     0.999915
   -0.019891    -0.999719    -0.012931
    0.999801   -0.0198736  -0.00147328
 -0.00124713  -0.00339417  -0.00992105
  0.00134355   -0.0142275     0.999898
  -0.0179131    -0.999739   -0.0142012
    0.999839   -0.0178922  -0.00159806
 -0.00130955  -0.00363564   -0.0117519
  0.00102806   -0.0131947     0.999912
  -0.0174417    -0.999761   -0.0131748
    0.999847   -0.0174267  -0.00125796
 -0.00137103  -0.00388077   -0.0135875
  0.00125762   -0.0139769     0.999902
  -0.0169234    -0.999759   -0.0139536
    0.999856   -0.0169042  -0.00149386
 -0.00142337  -0.00387663     -0.01461
  0.00134073     -0.01535     0.999881
  -0.0163931    -0.999748    -0.015326
    0.999865   -0.0163706  -0.00159202
 -0.00139691  -0.00387871   -0.0140983
  0.00122467   -0.0138792     0.999903
  -0.0171487    -0.999757   -0.0138562
    0.999852   -0.0171301  -0.00146239
 -0.00143108  -0.00364831   -0.0150983
  0.00128676   -0.0144229     0.999895
  -0.0170576    -0.999751   -0.0143989
    0.999854   -0.0170373  -0.00153246
 -0.00153238  -0.00341366   -0.0157735
  0.00142315   -0.0164824     0.999863
  -0.0149909    -0.999752   -0.0164593
    0.999887   -0.0149655  -0.00166988
 -0.00148201  -0.00353131   -0.0154356
  0.00146127    -0.014937     0.999887
  -0.0176561    -0.999733   -0.0149089
    0.999843   -0.0176323  -0.00172461
 -0.00162311  -0.00305266   -0.0159532
  0.00144145   -0.0187559     0.999823
  -0.0134314    -0.999734   -0.0187349
    0.999909   -0.0134021  -0.00169298
 -0.00166394  -0.00284621   -0.0157602
  0.00151986   -0.0154139      0.99988
   -0.016499    -0.999745   -0.0153867
    0.999863   -0.0164737  -0.00177379
 -0.00170619  -0.00264006   -0.0155666
  0.00181751   -0.0158734     0.999872
  -0.0176612    -0.999719   -0.0158389
    0.999842   -0.0176302  -0.00209734
 -0.00192555  -0.00154708   -0.0159114
  0.00180354   -0.0205443     0.999787
  -0.0117191    -0.999721   -0.0205217
     0.99993   -0.0116796   -0.0020438
 -0.00181711  -0.00209778   -0.0157367
  0.00182621   -0.0164091     0.999864
  -0.0173424    -0.999716    -0.016375
    0.999848   -0.0173101  -0.00211026
 -0.00200422  -0.00112494   -0.0158272
  0.00186427   -0.0157908     0.999874
  -0.0184263    -0.999706   -0.0157538
    0.999828   -0.0183946  -0.00215468
 -0.00206346 -0.000630381   -0.0156657
  0.00161723   -0.0209238      0.99978
  -0.0107537    -0.999724   -0.0209052
    0.999941   -0.0107175  -0.00184179
 -0.00203286 -0.000883469   -0.0157449
  0.00181859   -0.0162706     0.999866
  -0.0175391    -0.999714   -0.0162363
    0.999845   -0.0175072  -0.00210344
 -0.00209803 -0.000811788     -0.01532
  0.00179858   -0.0163907     0.999864
  -0.0178887    -0.999706   -0.0163559
    0.999838   -0.0178568  -0.00209125
 -0.00210051  -0.00128277   -0.0148058
  0.00159356   -0.0207834     0.999783
 -0.00953881    -0.999739   -0.0207673
    0.999953  -0.00950365  -0.00179139
 -0.00210008  -0.00105298   -0.0150609
  0.00179181   -0.0176609     0.999842
  -0.0169876      -0.9997   -0.0176279
    0.999854   -0.0169534  -0.00209128
 -0.00210924  -0.00185375   -0.0146028
  0.00176499   -0.0164462     0.999863
  -0.0175137    -0.999712   -0.0164128
    0.999845   -0.0174824  -0.00205252
 -0.00207211  -0.00216469   -0.0126116
   0.0011298   -0.0204636      0.99979
 -0.00946879    -0.999746    -0.020452
    0.999955   -0.0094437  -0.00132328
 -0.00208739  -0.00201283   -0.0136104
  0.00182851   -0.0163676     0.999864
  -0.0179071    -0.999706   -0.0163322
    0.999838   -0.0178749  -0.00212107
 -0.00203861  -0.00213836   -0.0122454
   0.0018282   -0.0164706     0.999863
   -0.017846    -0.999706   -0.0164354
    0.999839   -0.0178135   -0.0021216
 -0.00199375  -0.00210024   -0.0118824
  0.00177643   -0.0159763     0.999871
  -0.0181995    -0.999707   -0.0159414
    0.999833   -0.0181688  -0.00206667
 -0.00198257  -0.00222476   -0.0117866
   0.0015546   -0.0150844     0.999885
  -0.0187683    -0.999711   -0.0150526
    0.999823   -0.0187428  -0.00183726
 -0.00193285  -0.00213354   -0.0108091
  0.00165924   -0.0156197     0.999877
   -0.018252    -0.999712   -0.0155869
    0.999832   -0.0182239  -0.00194386
   -0.001919  -0.00234858   -0.0106457
  0.00163241   -0.0151751     0.999884
  -0.0185518    -0.999713   -0.0151423
    0.999827   -0.0185249  -0.00191347
 -0.00190817  -0.00220979   -0.0104786
   0.0016413   -0.0155393     0.999878
  -0.0181287    -0.999715    -0.015507
    0.999834    -0.018101  -0.00192254
  -0.0018492  -0.00200673   -0.0101885
  0.00100028    -0.013284     0.999911
  -0.0186856    -0.999737    -0.013263
    0.999825   -0.0186707  -0.00124824
 -0.00172798  -0.00192272   -0.0101588
  0.00111737   -0.0137098     0.999905
  -0.0191197    -0.999724    -0.013686
    0.999817   -0.0191026  -0.00137919
 -0.00160735  -0.00166391   -0.0097594
  0.00114125   -0.0129581     0.999915
  -0.0192748    -0.999731   -0.0129337
    0.999814   -0.0192584  -0.00139071
 -0.00151417  -0.00146978  -0.00961604
  0.00118889   -0.0125251     0.999921
  -0.0219614    -0.999681    -0.012496
    0.999758   -0.0219448  -0.00146358
 -0.00139245  -0.00115229  -0.00857982
  0.00123636   -0.0119875     0.999927
  -0.0229601    -0.999665    -0.011956
    0.999736   -0.0229437  -0.00151118
  -0.0013242 -0.000687628  -0.00788428
  0.00118932   -0.0121775     0.999925
   -0.023609    -0.999647    -0.012146
    0.999721   -0.0235928   -0.0014764
 -0.00124563 -0.000810856  -0.00666907
  0.00114941    -0.011232     0.999936
  -0.0270204    -0.999572   -0.0111969
    0.999634   -0.0270058  -0.00145241
  -0.0011433 -0.000854067  -0.00543558
  0.00050918   -0.0079143     0.999969
   -0.024918    -0.999658  -0.00789915
    0.999689   -0.0249132 -0.000706214
-0.000951907  -0.00130728  -0.00397014
  0.00046521  -0.00776871      0.99997
  -0.0224911    -0.999717  -0.00775629
    0.999747   -0.0224868 -0.000639805
-0.000860276  -0.00149974  -0.00264026
 0.000457588  -0.00771912      0.99997
  -0.0245192     -0.99967  -0.00770558
    0.999699   -0.0245149 -0.000646703
-0.000912653  -0.00180991  -0.00140204
 0.000926622   -0.0102605     0.999947
  -0.0216835    -0.999712    -0.010238
    0.999764   -0.0216729  -0.00114884
 -0.00104906  -0.00285058  -0.00226043
 0.000717504   -0.0090873     0.999958
  -0.0255179    -0.999633  -0.00906603
    0.999674   -0.0255103 -0.000949129
 -0.00114884  -0.00351467  5.80114e-05
   0.0021832   -0.0118251     0.999928
  -0.0453923    -0.998901   -0.0117138
    0.998967   -0.0453634  -0.00271757
 -0.00151403  -0.00583266   0.00469797
  0.00121665   -0.0122981     0.999924
  -0.0242261    -0.999631   -0.0122651
    0.999706   -0.0242094  -0.00151414
 -0.00136366  -0.00443051  -0.00186001
 0.000977089   -0.0120334     0.999927
  -0.0194857    -0.999738   -0.0120121
     0.99981   -0.0194726  -0.00121131
 -0.00134641  -0.00417583  -0.00677274
  0.00120752   -0.0136637     0.999906
  -0.0177143     -0.99975   -0.0136402
    0.999842   -0.0176962  -0.00144926
 -0.00138395  -0.00398407  -0.00698827
  0.00144298   -0.0148431     0.999889
  -0.0101323    -0.999839   -0.0148277
    0.999948   -0.0101097  -0.00159314
 -0.00140726  -0.00414385  -0.00751213
  0.00124601   -0.0137558     0.999905
  -0.0184449    -0.999736   -0.0137305
    0.999829    -0.018426  -0.00149941
  -0.0014302  -0.00430131  -0.00804015
  0.00122018   -0.0143832     0.999896
  -0.0177281     -0.99974   -0.0143594
    0.999842   -0.0177087  -0.00147485
 -0.00146371  -0.00374638  -0.00757119
 0.000756627   -0.0134728     0.999909
  -0.0183766    -0.999741   -0.0134566
    0.999831   -0.0183647  -0.00100401
 -0.00147664  -0.00368855  -0.00805559
  0.00131663   -0.0160182     0.999871
  -0.0110811    -0.999811   -0.0160027
    0.999938   -0.0110586  -0.00149388
 -0.00147103  -0.00372363  -0.00777177
  0.00120904   -0.0142259     0.999898
  -0.0187852    -0.999723   -0.0142007
    0.999823   -0.0187661  -0.00147594
 -0.00156406  -0.00327412  -0.00810584
  0.00148303   -0.0143909     0.999895
  -0.0207127    -0.999682   -0.0143571
    0.999784   -0.0206892  -0.00178063
 -0.00168022  -0.00307354  -0.00837255
  0.00162574   -0.0150598     0.999885
  -0.0183608    -0.999718   -0.0150274
     0.99983   -0.0183343   -0.0019018
 -0.00176574  -0.00217833  -0.00791449
  0.00184236   -0.0149019     0.999887
  -0.0206013    -0.999677   -0.0148608
    0.999786   -0.0205716  -0.00214877
 -0.00198994 -0.000947131  -0.00808778
  0.00244012   -0.0144821     0.999892
  -0.0114332     -0.99983   -0.0144533
    0.999932   -0.0113967  -0.00260529
  -0.0018815  -0.00157601  -0.00799866
  0.00183717   -0.0157244     0.999875
  -0.0202364    -0.999672    -0.015684
    0.999794   -0.0202051  -0.00215478
 -0.00206323 -7.93315e-07   -0.0082778
  0.00196251   -0.0145077     0.999893
  -0.0226217     -0.99964   -0.0144596
    0.999742   -0.0225909  -0.00228999
 -0.00218362   0.00126427  -0.00867228
  0.00183435    -0.015465     0.999879
  -0.0189434    -0.999702   -0.0154275
    0.999819   -0.0189128  -0.00212676
 -0.00216015 -0.000245629  -0.00756728
  0.00183174   -0.0132281     0.999911
  -0.0106459    -0.999856   -0.0132079
    0.999942   -0.0106207   -0.0019723
 -0.00217216 -0.000714431  -0.00700398
  0.00179075    -0.015029     0.999885
  -0.0216101    -0.999654   -0.0149869
    0.999765   -0.0215807  -0.00211491
 -0.00216556  -0.00118316  -0.00638057
  0.00179204   -0.0160315      0.99987
  -0.0197978    -0.999676   -0.0159929
    0.999802   -0.0197665  -0.00210885
 -0.00213473  -0.00124229  -0.00610232
  0.00178548   -0.0163178     0.999865
  -0.0203962    -0.999659    -0.016278
     0.99979   -0.0203644   -0.0021177
 -0.00212927   -0.0011749  -0.00585925
  0.00178971   -0.0163671     0.999864
  -0.0194689    -0.999677   -0.0163291
    0.999809   -0.0194371  -0.00210778
 -0.00211963  -0.00135978  -0.00566973
  0.00178053    -0.016694     0.999859
  -0.0198195    -0.999665   -0.0166554
    0.999802    -0.019787   -0.0021108
  -0.0021306    -0.001816  -0.00446693
  0.00179021   -0.0162537     0.999866
  -0.0199087     -0.99967   -0.0162148
      0.9998    -0.019877  -0.00211321
 -0.00210582  -0.00224204  -0.00223421
  0.00177386   -0.0154663     0.999879
  -0.0206312    -0.999668   -0.0154264
    0.999786   -0.0206014  -0.00209236
 -0.00212547  -0.00262046   0.00140677
  0.00173055   -0.0156657     0.999876
  -0.0198195    -0.999681   -0.0156283
    0.999802     -0.01979  -0.00204048
   -0.002024  -0.00275579   0.00607313
  0.00160309   -0.0149387     0.999887
  -0.0205258    -0.999678   -0.0149027
    0.999788   -0.0204996  -0.00190921
 -0.00195783  -0.00260824    0.0104386
  0.00157765   -0.0148657     0.999888
  -0.0201136    -0.999688   -0.0148309
    0.999796    -0.020088  -0.00187616
 -0.00188623  -0.00269666    0.0136037
  0.00144854   -0.0138692     0.999903
  -0.0204225    -0.999696   -0.0138367
     0.99979   -0.0204004  -0.00173134
 -0.00182496  -0.00278779    0.0163343
 0.000961034   -0.0129849     0.999915
  -0.0196104    -0.999724   -0.0129636
    0.999807   -0.0195963  -0.00121541
 -0.00170279  -0.00238679    0.0193796
 0.000380811   -0.0112128     0.999937
  -0.0196181    -0.999745   -0.0112032
    0.999807   -0.0196126 -0.000600688
 -0.00158715   -0.0022122    0.0233626
 0.000998361   -0.0125589     0.999921
  -0.0200757     -0.99972   -0.0125363
    0.999798   -0.0200616  -0.00125021
 -0.00153205  -0.00269999    0.0288599
  0.00121476   -0.0127204     0.999918
  -0.0210681    -0.999697   -0.0126919
    0.999777   -0.0210509  -0.00148239
 -0.00150178  -0.00317868    0.0366126
  0.00122214   -0.0121558     0.999925
  -0.0247997    -0.999619   -0.0121218
    0.999692    -0.024783  -0.00152314
 -0.00138346   -0.0026349    0.0456895
  0.00129217   -0.0120792     0.999926
  -0.0252111     -0.99961   -0.0120428
    0.999681   -0.0251937   -0.0015962
 -0.00132836  -0.00212441    0.0558975
  0.00122841   -0.0113928     0.999934
  -0.0381671    -0.999207   -0.0113376
    0.999271   -0.0381506  -0.00166227
 -0.00117784  -0.00101853     0.067798
  0.00118543   -0.0116239     0.999932
  -0.0268531    -0.999572   -0.0115878
    0.999639   -0.0268375  -0.00149706
 -0.00107025  -0.00340001    0.0780722
 0.000891644   -0.0100656     0.999949
  -0.0201609    -0.999746   -0.0100456
    0.999796   -0.0201509  -0.00109435
-0.000845064  -0.00494571    0.0916458
  0.00349993   -0.0108318     0.999935
  -0.0122179    -0.999867   -0.0107883
    0.999919   -0.0121793  -0.00363181
-0.000929361  -0.00521854    0.0952169
  0.00124761   -0.0111297     0.999937
  -0.0212694    -0.999712   -0.0111007
    0.999773   -0.0212542  -0.00148397
-0.000983579  -0.00560278     0.109136
  0.00070318  -0.00994223      0.99995
  -0.0229488    -0.999687  -0.00992348
    0.999736   -0.0229407 -0.000931123
-0.000999395   -0.0060367     0.125375
-0.000457317   -0.0119747     0.999928
  -0.0106359    -0.999872   -0.0119789
    0.999943   -0.0106406  0.000329897
 -0.00100457  -0.00622813      0.12372
 0.000904566   -0.0104341     0.999945
    -0.02034    -0.999739   -0.0104135
    0.999793   -0.0203295  -0.00111656
 -0.00102144  -0.00655118     0.136373
 0.000426559   -0.0102312     0.999948
   -0.018027    -0.999785   -0.0102218
    0.999837   -0.0180217 -0.000610905
 -0.00110304  -0.00632782      0.14986
  0.00119537   -0.0118345     0.999929
  -0.0216749    -0.999695   -0.0118059
    0.999764   -0.0216593  -0.00145152
 -0.00114181  -0.00702173     0.163699
  0.00107056   -0.0122347     0.999925
  -0.0206629    -0.999712     -0.01221
    0.999786   -0.0206483  -0.00132306
 -0.00114587  -0.00727378     0.177591
  0.00127772   -0.0132269     0.999912
  -0.0188415    -0.999735   -0.0132005
    0.999822    -0.018823   -0.0015266
 -0.00115219  -0.00799233     0.189257
 -0.00361307   -0.0115434     0.999927
 -0.00376723    -0.999926    -0.011557
    0.999986  -0.00380871   0.00356931
  -0.0011827  -0.00812509     0.195331
 0.000171005   -0.0131389     0.999914
  -0.0141254    -0.999814   -0.0131352
      0.9999   -0.0141219 -0.000356565
 -0.00124438   -0.0081793     0.204426
-2.20165e-05   -0.0130151     0.999915
   -0.009799    -0.999867   -0.0130147
    0.999952  -0.00979846 -0.000105522
 -0.00124413  -0.00825189     0.216977
  0.00108374    -0.013126     0.999913
  -0.0113491     -0.99985   -0.0131128
    0.999935   -0.0113339  -0.00123255
 -0.00120268  -0.00887032     0.226952
 -0.00599586   -0.0103425     0.999929
  0.00303658    -0.999942   -0.0103244
    0.999977   0.00297446   0.00602692
 -0.00121722   -0.0086114     0.226295
  0.00167857   -0.0139816     0.999901
 -0.00905552    -0.999861   -0.0139658
    0.999958  -0.00903118  -0.00180495
 -0.00129871   -0.0077772     0.239726
  0.00176576   -0.0140404       0.9999
 -0.00962538    -0.999855   -0.0140227
    0.999952  -0.00959966  -0.00190065
  -0.0013746  -0.00625467      0.25181
  0.00198963   -0.0142662     0.999896
  -0.0100297    -0.999848   -0.0142455
    0.999948   -0.0100003  -0.00213242
 -0.00150652  -0.00611538     0.264536
   0.0020713   -0.0142929     0.999896
  -0.0101798    -0.999846   -0.0142711
    0.999946   -0.0101492  -0.00221648
 -0.00159962  -0.00545147     0.277665
  0.00243804   -0.0137043     0.999903
  -0.0110471    -0.999845   -0.0136765
    0.999936   -0.0110127  -0.00258906
 -0.00173405  -0.00299659     0.287342
   0.0020971   -0.0141098     0.999898
  -0.0161329    -0.999771   -0.0140742
    0.999868   -0.0161017  -0.00232425
 -0.00167937  -0.00433743     0.308178
  0.00200506   -0.0136442     0.999905
  -0.0247815    -0.999601   -0.0135903
    0.999691   -0.0247519  -0.00234238
 -0.00166517  -0.00391398     0.329145
  0.00185864   -0.0144414     0.999894
  -0.0190038    -0.999716   -0.0144035
    0.999818    -0.018975  -0.00213255
  -0.0015372  -0.00585481     0.346244
  0.00171776   -0.0143825     0.999895
  -0.0208986    -0.999679   -0.0143435
     0.99978   -0.0208718  -0.00201779
 -0.00143772  -0.00690362     0.364499
  0.00150217   -0.0140113     0.999901
  -0.0191983    -0.999718   -0.0139799
    0.999815   -0.0191754  -0.00177074
 -0.00136053  -0.00811685     0.382137
  0.00188293   -0.0150459     0.999885
  -0.0194237    -0.999699   -0.0150065
     0.99981   -0.0193932  -0.00217461
 -0.00145973   -0.0090786     0.401733
  0.00199771   -0.0148143     0.999888
  -0.0199396    -0.999692   -0.0147715
    0.999799   -0.0199079  -0.00229248
 -0.00147749  -0.00889502     0.421204
  0.00191045   -0.0159747     0.999871
  -0.0165962    -0.999735   -0.0159409
     0.99986   -0.0165636  -0.00217507
 -0.00142256  -0.00947729     0.440131
  0.00198818   -0.0150294     0.999885
  -0.0173936    -0.999736   -0.0149925
    0.999847   -0.0173618  -0.00224907
 -0.00142805   -0.0101666     0.459709
  0.00189093   -0.0151377     0.999884
  -0.0154872    -0.999766   -0.0151066
    0.999878   -0.0154568  -0.00212493
 -0.00133474   -0.0113755     0.480534
  0.00183876   -0.0148898     0.999887
  -0.0166031    -0.999752   -0.0148573
     0.99986   -0.0165739  -0.00208552
 -0.00126729   -0.0110221     0.502713
  0.00177397   -0.0145589     0.999892
  -0.0146734    -0.999787   -0.0145313
    0.999891   -0.0146461  -0.00198722
 -0.00119821   -0.0121856     0.523988
  0.00174176   -0.0137364     0.999904
  -0.0142309    -0.999805   -0.0137103
    0.999897   -0.0142056   -0.0019369
 -0.00111321   -0.0128925     0.546949
  0.00123487   -0.0133635      0.99991
  -0.0113664    -0.999846   -0.0133486
    0.999935   -0.0113488  -0.00138657
-0.000995695   -0.0133584     0.566426
  0.00169404   -0.0131244     0.999912
  -0.0114142    -0.999849   -0.0131043
    0.999933    -0.011391  -0.00184358
 -0.00100232   -0.0137808     0.586929
 -0.00804103  -0.00939355     0.999924
 -0.00133367    -0.999955  -0.00940457
    0.999967  -0.00140919   0.00802814
-0.000964049   -0.0136277     0.577987
  0.00166876   -0.0127019     0.999918
 -0.00463472    -0.999909   -0.0126941
    0.999988  -0.00461315  -0.00172748
-0.000963522   -0.0150621     0.608231
 -0.00578926   -0.0110642     0.999922
 -0.00290366    -0.999934   -0.0110811
    0.999979  -0.00296758   0.00575676
-0.000781761   -0.0148447     0.612314
  0.00142658   -0.0122146     0.999924
  -0.0104072    -0.999871   -0.0121991
    0.999945    -0.010389  -0.00155352
-0.000713437   -0.0146763     0.632113
  0.00174519   -0.0121988     0.999924
 -0.00945557    -0.999881   -0.0121818
    0.999954  -0.00943359  -0.00186033
-0.000611129   -0.0152074     0.655436
   0.0014961   -0.0118228     0.999929
  -0.0111441    -0.999868   -0.0118054
    0.999937   -0.0111257  -0.00162765
-0.000447461   -0.0156357     0.678659
   0.0015209    -0.011894     0.999928
  -0.0102027    -0.999877   -0.0118779
    0.999947   -0.0101839  -0.00164206
-0.000355847   -0.0161866      0.70114
   0.0013517   -0.0120866     0.999926
 -0.00951069    -0.999882   -0.0120732
    0.999954  -0.00949366  -0.00146649
 -0.00025443    -0.015949     0.722661
   0.0014696   -0.0119711     0.999927
 -0.00821313    -0.999895   -0.0119586
    0.999965  -0.00819496  -0.00156777
-0.000230884   -0.0167828     0.740971
 -0.00271094   -0.0127329     0.999915
 -0.00480965    -0.999907   -0.0127458
    0.999985   -0.0048438   0.00264944
-0.000222446   -0.0163779     0.730938
  0.00159063   -0.0117326      0.99993
 -0.00806952    -0.999899   -0.0117194
    0.999966  -0.00805032  -0.00168514
-0.000248043   -0.0169584     0.759988
  0.00163828   -0.0115721     0.999932
 -0.00853874    -0.999897   -0.0115577
    0.999962  -0.00851922  -0.00173692
-0.000274396   -0.0167801     0.778854
   0.0021136   -0.0118114     0.999928
 -0.00496456    -0.999918   -0.0118008
    0.999985  -0.00493926  -0.00217207
-0.000302635   -0.0171644     0.783054
  0.00170911   -0.0121769     0.999924
 -0.00872025    -0.999888   -0.0121616
    0.999961   -0.0086988   -0.0018151
-0.000305716   -0.0175736     0.796265
  0.00171004   -0.0125263      0.99992
 -0.00994219    -0.999872   -0.0125087
    0.999949     -0.00992  -0.00183436
-0.000292229   -0.0174516     0.814569
  0.00171511   -0.0131434     0.999912
 -0.00961168    -0.999868   -0.0131264
    0.999952  -0.00958832  -0.00184121
-0.000267843   -0.0175168     0.833005
  0.00173195    -0.013351     0.999909
 -0.00858243    -0.999874   -0.0133357
    0.999962  -0.00855856  -0.00184632
-0.000236419   -0.0175436     0.852304
  0.00168827   -0.0131953     0.999912
  -0.0087466    -0.999875     -0.01318
     0.99996  -0.00872357  -0.00180347
 -0.00020815   -0.0174532     0.871836
  0.00166947   -0.0132895      0.99991
 -0.00806633    -0.999879   -0.0132757
    0.999966  -0.00804345  -0.00177646
-0.000197775   -0.0180424     0.889817
  0.00171372   -0.0133267      0.99991
 -0.00788868     -0.99988   -0.0133128
    0.999967  -0.00786516  -0.00181864
-0.000232103   -0.0176829     0.908359
  0.00173944   -0.0134612     0.999908
 -0.00711777    -0.999884   -0.0134485
    0.999973  -0.00709372  -0.00183505
-0.000214041   -0.0177269     0.928791
  0.00188044   -0.0138595     0.999902
 -0.00847154    -0.999868   -0.0138431
    0.999962  -0.00844468   -0.0019976
 -0.00016015   -0.0174056     0.949116
   0.0019152   -0.0139393     0.999901
  -0.0107681    -0.999845   -0.0139179
     0.99994   -0.0107404    -0.002065
-0.000162869   -0.0179389     0.970697
  0.00206769   -0.0137202     0.999904
  -0.0113297    -0.999842    -0.013696
    0.999934   -0.0113003  -0.00222281
-0.000192914   -0.0175367     0.992073
  0.00221104   -0.0141073     0.999898
  -0.0110994    -0.999839   -0.0140819
    0.999936   -0.0110672  -0.00236727
-0.000203952   -0.0171951      1.01282
  0.00209913   -0.0142003     0.999897
  -0.0113329    -0.999835   -0.0141756
    0.999934    -0.011302  -0.00225971
-0.000154098   -0.0170345      1.03488
  0.00209952   -0.0140152       0.9999
   -0.013289    -0.999814   -0.0139861
    0.999909   -0.0132583  -0.00228538
-0.000142393   -0.0170688      1.05909
  0.00191018   -0.0135377     0.999907
  -0.0154847    -0.999789   -0.0135066
    0.999878   -0.0154574  -0.00211941
-8.14028e-05   -0.0182005      1.08415
  0.00190362   -0.0141418     0.999898
  -0.0135235    -0.999809   -0.0141148
    0.999907   -0.0134952   -0.0020945
-6.88074e-05   -0.0187075      1.10983
  0.00179029   -0.0138904     0.999902
  -0.0121905     -0.99983   -0.0138675
    0.999924   -0.0121645  -0.00195931
-5.01736e-05   -0.0197482      1.13579
  0.00197697   -0.0138535     0.999902
  -0.0100699    -0.999854   -0.0138329
    0.999947   -0.0100416  -0.00211618
-4.77438e-05   -0.0199246      1.16129
  0.00232157   -0.0141823     0.999897
  -0.0098209    -0.999852   -0.0141589
    0.999949  -0.00978702  -0.00246051
 -7.7693e-05   -0.0199884      1.18942
  0.00277679    -0.014191     0.999895
 -0.00904304    -0.999859   -0.0141653
    0.999955  -0.00900276  -0.00290472
-0.000125152   -0.0196994      1.21817
  0.00471978   -0.0118687     0.999918
 -0.00883253    -0.999891   -0.0118267
     0.99995  -0.00877599   -0.0048241
-0.000107177   -0.0198802      1.20822
   0.0026073   -0.0142198     0.999895
 -0.00865243    -0.999862   -0.0141968
    0.999959  -0.00861451  -0.00272997
-0.000118656   -0.0195755      1.25087
  0.00944449   -0.0143987     0.999852
 -0.00541598    -0.999882    -0.014348
    0.999941  -0.00527967  -0.00952137
 -9.0445e-05   -0.0197568      1.24694
  0.00212341   -0.0146321     0.999891
 -0.00682739     -0.99987   -0.0146173
    0.999974  -0.00679561  -0.00222303
 6.85347e-05   -0.0197444      1.27947
   0.0020266   -0.0143397     0.999895
 -0.00649635    -0.999876   -0.0143263
    0.999977  -0.00646663  -0.00211951
 0.000146529   -0.0204318      1.30745
  0.00231124   -0.0134451     0.999907
 -0.00748966    -0.999882   -0.0134275
    0.999969  -0.00745793  -0.00241167
 0.000167617    -0.021227      1.33488
  0.00233851   -0.0135229     0.999906
 -0.00692138    -0.999885   -0.0135064
    0.999973  -0.00688914  -0.00243183
 0.000146402   -0.0219837      1.36025
  0.00264377   -0.0130843     0.999911
 -0.00807125    -0.999882   -0.0130626
    0.999964    -0.008036  -0.00274906
  0.00019728   -0.0216059      1.38771
  0.00290559   -0.0132984     0.999907
 -0.00729068    -0.999885   -0.0132769
    0.999969  -0.00725143  -0.00300221
  0.00034564   -0.0216583      1.41278
    0.010279    -0.014517     0.999842
 -0.00564555     -0.99988   -0.0144595
    0.999931  -0.00549603   -0.0103597
 0.000238734   -0.0216625      1.40134
  0.00234832   -0.0132514     0.999909
 -0.00882945    -0.999873   -0.0132302
    0.999958  -0.00879758  -0.00246503
 0.000377566   -0.0222821      1.43877
  0.00252984   -0.0123953      0.99992
 -0.00861734    -0.999886   -0.0123731
     0.99996  -0.00858535  -0.00263637
 0.000488027   -0.0218502       1.4682
  0.00241804   -0.0124977     0.999919
   -0.008771    -0.999884    -0.012476
    0.999959  -0.00874012  -0.00252738
 0.000680575    -0.022854      1.49771
  0.00923535   -0.0138826     0.999861
 -0.00701352     -0.99988   -0.0138181
    0.999933  -0.00688493   -0.0093316
 0.000549402   -0.0223879      1.48703
  0.00177663   -0.0121464     0.999925
  -0.0109206    -0.999867   -0.0121263
    0.999939   -0.0108982  -0.00190904
 0.000856224   -0.0223279      1.52842
  0.00196881   -0.0125311      0.99992
  -0.0082586    -0.999888   -0.0125144
    0.999964  -0.00823329  -0.00207208
 0.000969778   -0.0221107      1.55966
  0.00173233   -0.0121629     0.999925
 -0.00951127    -0.999881   -0.0121459
    0.999953  -0.00948951  -0.00184781
  0.00105771   -0.0218745      1.59126
   0.0019895   -0.0125597     0.999919
 -0.00762294    -0.999892   -0.0125442
    0.999969  -0.00759737  -0.00208502
  0.00113352   -0.0220202      1.62201
   0.0017822   -0.0119989     0.999926
 -0.00782661    -0.999898   -0.0119846
    0.999968  -0.00780468  -0.00187593
  0.00120956   -0.0222388      1.65288
  0.00192847   -0.0121426     0.999924
 -0.00974435    -0.999879   -0.0121233
    0.999951  -0.00972024  -0.00204656
  0.00127994   -0.0225393      1.68317
  0.00178064   -0.0119621     0.999927
 -0.00903401    -0.999888   -0.0119456
    0.999958  -0.00901208  -0.00188851
  0.00132708   -0.0225691      1.71503
  0.00198105   -0.0125768     0.999919
 -0.00897186    -0.999881   -0.0125586
    0.999958  -0.00894625  -0.00209365
  0.00139742   -0.0214118      1.74634
  0.00209424   -0.0131401     0.999911
 -0.00924065    -0.999871   -0.0131202
    0.999955  -0.00921235  -0.00221539
  0.00141332    -0.022777        1.777
   0.0020217   -0.0134514     0.999907
  -0.0102906    -0.999857   -0.0134299
    0.999945   -0.0102625  -0.00215983
  0.00149324   -0.0222811      1.80814
  0.00200598    -0.013615     0.999905
  -0.0100966    -0.999857   -0.0135941
    0.999947   -0.0100684  -0.00214316
  0.00156924   -0.0218965      1.84007
  0.00179116   -0.0133153      0.99991
 -0.00727971    -0.999885   -0.0133019
    0.999972  -0.00725522  -0.00188788
  0.00160598   -0.0218545       1.8712
  0.00178877   -0.0133835     0.999909
 -0.00695373    -0.999886   -0.0133708
    0.999974  -0.00692918  -0.00188163
  0.00167325   -0.0216255      1.90085
  0.00206992   -0.0136343     0.999905
 -0.00497739    -0.999895   -0.0136239
    0.999985  -0.00494872  -0.00213757
  0.00172801    -0.022335       1.9308
  0.00213729   -0.0137059     0.999904
 -0.00427902    -0.999897   -0.0136967
    0.999989  -0.00424933  -0.00219572
   0.0018025    -0.022202      1.95893
  0.00207755   -0.0138375     0.999902
 -0.00421997    -0.999895   -0.0138287
    0.999989  -0.00419082  -0.00213572
  0.00193119   -0.0227531      1.99084
  0.00204327   -0.0139237     0.999901
 -0.00505912     -0.99989   -0.0139133
    0.999985  -0.00503019  -0.00211348
  0.00202496   -0.0226259      2.02109
  0.00245241    -0.013885     0.999901
 -0.00211626    -0.999901   -0.0138798
    0.999995  -0.00208201  -0.00248155
   0.0020296   -0.0232072      2.05502
   0.0027756   -0.0139924     0.999898
 -0.00071417    -0.999902   -0.0139905
    0.999996 -0.000675265  -0.00278532
  0.00208478   -0.0234389      2.08825
  0.00591143   -0.0135746      0.99989
  0.00195816    -0.999906   -0.0135864
    0.999981   0.00203826  -0.00588429
  0.00206635   -0.0233555      2.08011
   0.0024576   -0.0139955     0.999899
-0.000186892    -0.999902   -0.0139951
    0.999997 -0.000152479  -0.00245998
  0.00204752   -0.0240894      2.12197
   0.0021239   -0.0135673     0.999906
 -0.00154307    -0.999907   -0.0135641
    0.999997  -0.00151411  -0.00214464
  0.00210153   -0.0251899      2.15094
  0.00340799   -0.0133834     0.999905
-0.000433259     -0.99991    -0.013382
    0.999994 -0.000387612  -0.00341348
  0.00207426   -0.0246324      2.13997
  0.00152384   -0.0131173     0.999913
-0.000576783    -0.999914   -0.0131164
    0.999999 -0.000556745  -0.00153128
  0.00217975   -0.0249013      2.18163
  0.00243638   -0.0137158     0.999903
-0.000358125    -0.999906    -0.013715
    0.999997 -0.000324675  -0.00244106
  0.00224736   -0.0242866      2.21748
  0.00247528   -0.0138799     0.999901
-0.000805426    -0.999903   -0.0138779
    0.999997 -0.000770994  -0.00248622
  0.00240218   -0.0241839      2.25233
  0.00237964   -0.0139638       0.9999
  -0.0012035    -0.999902    -0.013961
    0.999996  -0.00117015  -0.00239621
  0.00257268   -0.0235155      2.28911
  0.00252904   -0.0141368     0.999897
 0.000415643      -0.9999   -0.0141379
    0.999997  0.000451355  -0.00252291
  0.00255131   -0.0235872      2.31879
 0.000795568   -0.0139958     0.999902
  8.8518e-05    -0.999902   -0.0139958
           1   9.9644e-05 -0.000794252
  0.00259272   -0.0235423      2.30915
  0.00290041   -0.0141884     0.999895
   0.0010093    -0.999899   -0.0141914
    0.999995   0.00105036  -0.00288579
  0.00253544    -0.023865      2.35103
  0.00290112   -0.0141401     0.999896
  0.00209887    -0.999898   -0.0141462
    0.999994   0.00213969  -0.00287115
  0.00255977   -0.0240718      2.38705
  0.00847432   -0.0155327     0.999843
   0.0106819    -0.999821   -0.0156229
    0.999907    0.0108126  -0.00830688
   0.0025793   -0.0236973       2.4026
  0.00320326   -0.0137853       0.9999
  0.00191524    -0.999903   -0.0137915
    0.999993   0.00195923  -0.00317655
  0.00272831    -0.023124      2.42183
  0.00275795   -0.0137031     0.999902
  0.00231051    -0.999903   -0.0137095
    0.999994   0.00234809  -0.00272602
  0.00280638   -0.0234545       2.4535
  0.00277932   -0.0132862     0.999908
    0.001883     -0.99991   -0.0132914
    0.999994   0.00191977  -0.00275405
  0.00296242   -0.0223896      2.48643
  0.00281175   -0.0135517     0.999904
-6.32968e-05    -0.999908   -0.0135516
    0.999996 -2.51871e-05  -0.00281235
  0.00298879   -0.0211479      2.52058
  0.00261441   -0.0135938     0.999904
-0.000859644    -0.999907   -0.0135916
    0.999996 -0.000824027  -0.00262586
  0.00310251   -0.0205819        2.553
  0.00262004   -0.0135241     0.999905
-0.000453536    -0.999908   -0.0135229
    0.999996 -0.000418062  -0.00262594
  0.00319658   -0.0205108       2.5855
  0.00276186   -0.0134101     0.999906
-0.000256184     -0.99991   -0.0134095
    0.999996 -0.000219125  -0.00276505
  0.00326939   -0.0200072      2.61917
  0.00259512   -0.0134061     0.999907
-0.000190855     -0.99991   -0.0134057
    0.999997 -0.000156047  -0.00259745
  0.00338007   -0.0199825        2.653
  0.00254213   -0.0128472     0.999914
 0.000156876    -0.999917   -0.0128476
    0.999997  0.000189523   -0.0025399
  0.00351658   -0.0200232      2.68743
  0.00256282   -0.0133846     0.999907
  0.00240152    -0.999907   -0.0133907
    0.999994   0.00243562  -0.00253044
  0.00353048   -0.0202339      2.72033
  0.00220567   -0.0128775     0.999915
  0.00301536    -0.999912   -0.0128841
    0.999993   0.00304352  -0.00216664
   0.0035498   -0.0211524      2.75589
  0.00247284   -0.0130352     0.999912
  0.00223076    -0.999912   -0.0130407
    0.999994   0.00226281  -0.00244354
  0.00362505   -0.0210261      2.79247
  0.00227367   -0.0127749     0.999916
  0.00219163    -0.999916   -0.0127798
    0.999995   0.00222051  -0.00224548
  0.00367783   -0.0211363      2.82332
  0.00256221     -0.01321     0.999909
   0.0028896    -0.999908   -0.0132174
    0.999993    0.0029232   -0.0025238
  0.00374561   -0.0209661      2.85533
  0.00219813   -0.0124152     0.999921
  0.00191359    -0.999921   -0.0124194
    0.999996   0.00194074  -0.00217419
  0.00382638    -0.020324      2.89035
  0.00222476   -0.0124946     0.999919
  0.00196663     -0.99992    -0.012499
    0.999996   0.00199428  -0.00220001
  0.00391825   -0.0200154      2.92534
  0.00244091   -0.0130062     0.999912
  0.00316096     -0.99991   -0.0130139
    0.999992   0.00319245  -0.00239958
  0.00403821   -0.0202719      2.96038
  0.00256329   -0.0133687     0.999907
