  0.00894134  -0.00482786    -0.999948
   -0.999281    0.0368111   -0.0091131
   0.0368532     0.999311  -0.00449525
           0            0            0
  0.00865794  -0.00460414    -0.999952
   -0.999287     0.036703  -0.00882118
   0.0367419     0.999316  -0.00428309
 5.69623e-06 -0.000469806  1.25153e-05
   0.0092923  -0.00511353    -0.999944
   -0.999248    0.0375969   -0.0094781
   0.0376433      0.99928  -0.00476032
 0.000288589   -0.0330743    0.0012193
  0.00979946  -0.00552529    -0.999937
   -0.999206    0.0385546   -0.0100053
   0.0386074     0.999241   -0.0051431
 0.000748013   -0.0822668   0.00273505
   0.0102978  -0.00595203    -0.999929
   -0.999108    0.0408843   -0.0105327
   0.0409441     0.999146   -0.0055257
  0.00111955     -0.12009   0.00415142
   0.0107796  -0.00640553    -0.999921
   -0.998904    0.0454893     -0.01106
   0.0455566     0.998944  -0.00590815
  0.00163414    -0.169912     0.006064
   0.0112442  -0.00688525    -0.999913
   -0.998578    0.0520304   -0.0115875
   0.0521057     0.998622  -0.00629042
  0.00204249    -0.207637   0.00763607
   0.0113676  -0.00693798    -0.999911
   -0.998007    0.0619964   -0.0117761
   0.0620726     0.998052   -0.0062194
  0.00266569    -0.261775    0.0106772
   0.0119625  -0.00773184    -0.999899
   -0.998288    0.0571619   -0.0123853
   0.0572519     0.998335   -0.0070348
  0.00231813    -0.232358   0.00895384
   0.0111044  -0.00650542    -0.999917
   -0.997619     0.067997   -0.0115213
   0.0680664     0.997664  -0.00573486
  0.00314344    -0.303606    0.0133184
   0.0108376  -0.00608595    -0.999923
   -0.997084    0.0754741   -0.0112662
   0.0755368     0.997129  -0.00525024
   0.0036969    -0.353199    0.0167159
    0.010607  -0.00560761    -0.999928
   -0.996912    0.0777564   -0.0110111
   0.0778126     0.996957  -0.00476553
  0.00409221    -0.389594    0.0198209
   0.0103644  -0.00515662    -0.999933
    -0.99651    0.0827738   -0.0107558
   0.0828237     0.996555  -0.00428073
  0.00462036    -0.439028    0.0235411
   0.0101471  -0.00465856    -0.999938
   -0.996461    0.0833975   -0.0105004
   0.0834412     0.996505  -0.00379583
  0.00500134    -0.475551    0.0266721
  0.00993126  -0.00415773    -0.999942
   -0.996432    0.0837807   -0.0102448
   0.0838184     0.996476  -0.00331085
  0.00550511    -0.524759    0.0304908
  0.00992563  -0.00359208    -0.999944
   -0.996484    0.0831641     -0.01019
    0.083196     0.996529  -0.00275399
   0.0057898     -0.56085    0.0331382
  0.00994128  -0.00302109    -0.999946
    -0.99658     0.082006   -0.0101556
   0.0820322     0.996627  -0.00219552
  0.00619078    -0.608564    0.0364666
  0.00996778  -0.00246244    -0.999947
   -0.996573    0.0820936   -0.0101363
   0.0821143     0.996622  -0.00163571
  0.00647037    -0.644129    0.0391009
   0.0100129  -0.00191156    -0.999948
   -0.996502    0.0829547    -0.010137
   0.0829698     0.996551  -0.00107425
  0.00687189    -0.691745    0.0425382
   0.0100727  -0.00136784    -0.999948
    -0.99637    0.0845229   -0.0101523
   0.0845325     0.996421 -0.000511504
   0.0071456    -0.726435     0.045084
   0.0101488 -0.000878981    -0.999948
   -0.995756    0.0914624   -0.0101867
   0.0914666     0.995808  5.29833e-05
  0.00753781    -0.772625     0.048749
   0.0102457 -0.000414696    -0.999947
   -0.994864     0.100697   -0.0102354
    0.100696     0.994917  0.000619148
  0.00781773    -0.807399    0.0522504
   0.0103706 -7.61141e-05    -0.999946
   -0.992507     0.121756   -0.0103027
    0.121751      0.99256   0.00118715
  0.00821343    -0.853061    0.0561509
   0.0105268   0.00032561    -0.999945
   -0.990611     0.136315   -0.0103842
    0.136304     0.990666   0.00175751
   0.0085043    -0.887845    0.0613495
   0.0107257   0.00054937    -0.999942
   -0.985943     0.166752   -0.0104839
    0.166737     0.985999   0.00233018
  0.00891549    -0.933638    0.0664165
   0.0109478  0.000940528     -0.99994
   -0.983438     0.180933    -0.010597
    0.180913     0.983495   0.00290578
  0.00920989    -0.967182    0.0730545
   0.0112194   0.00116026    -0.999936
   -0.977761     0.209448   -0.0107276
    0.209423     0.977819   0.00348435
   0.0096314     -1.01193    0.0798028
   0.0117666   0.00264179    -0.999927
   -0.969917     0.243199   -0.0107709
    0.243153     0.969973   0.00542393
   0.0104177     -1.08469    0.0985675
   0.0112866 -0.000534047    -0.999936
   -0.966393     0.256832   -0.0110451
    0.256822     0.966456   0.00238265
   0.0107462     -1.11906      0.10765
   0.0109535  -0.00302476    -0.999935
   -0.958789     0.283892   -0.0113615
    0.283908     0.958852  0.000209484
   0.0111557     -1.16349     0.116339
   0.0105875  -0.00534853     -0.99993
   -0.954647     0.297511   -0.0116994
    0.297553     0.954703  -0.00195604
   0.0114353     -1.19721     0.127342
   0.0100734  -0.00781509    -0.999919
    -0.94558     0.325166   -0.0120674
    0.325234     0.945625  -0.00411427
   0.0118405     -1.24282     0.137041
   0.0100607  -0.00910588    -0.999908
   -0.943098     0.332279   -0.0125151
    0.332363     0.943137  -0.00524477
    0.011937     -1.27129     0.150354
  0.00924486   -0.0108877    -0.999898
    -0.93981     0.341471   -0.0124075
    0.341571     0.939829  -0.00707553
   0.0120868     -1.27583      0.15032
   0.0103131  -0.00894545    -0.999907
   -0.935434     0.353269   -0.0128085
     0.35335     0.935479   -0.0047246
   0.0123472     -1.31632     0.158216
   0.0107144  -0.00865991    -0.999905
   -0.932084     0.362005   -0.0131229
    0.362084     0.932136  -0.00419312
   0.0125537       -1.348     0.176902
   0.0115478  -0.00859504    -0.999896
   -0.925925      0.37745    -0.013938
    0.377531      0.92599  -0.00359965
   0.0127512     -1.37113     0.178855
   0.0104529  -0.00836531     -0.99991
   -0.923916     0.382378   -0.0128575
    0.382451     0.923968  -0.00373188
   0.0129852     -1.39536     0.181645
  0.00982154  -0.00801176     -0.99992
   -0.921811      0.38745   -0.0121587
    0.387516     0.921856  -0.00357997
   0.0131853     -1.42565     0.204062
  0.00960569  -0.00826029     -0.99992
   -0.907853     0.419111   -0.0121835
    0.419178     0.907897  -0.00347327
   0.0135473     -1.47071     0.214892
  0.00969437  -0.00853886    -0.999917
    -0.90019     0.435319   -0.0124449
    0.435389     0.900236  -0.00346645
   0.0136358     -1.49842     0.247522
   0.0111766  -0.00898037    -0.999897
    -0.89754     0.440712   -0.0139907
    0.440792     0.897604  -0.00313456
   0.0137556     -1.51052     0.243964
   0.0098506   -0.0087812    -0.999913
   -0.885921     0.463659   -0.0127995
    0.463731      0.88597  -0.00321213
   0.0140976     -1.53956     0.249054
  0.00932465  -0.00861623    -0.999919
   -0.879325     0.476063   -0.0123023
     0.47613     0.879369  -0.00313735
   0.0142943     -1.56435     0.273099
  0.00861157  -0.00864645    -0.999926
   -0.860683     0.509005   -0.0118138
    0.509069      0.86072  -0.00305851
   0.0146584     -1.59916     0.279632
    0.007512   -0.0053565    -0.999957
   -0.862593     0.505815  -0.00918959
    0.505843     0.862625 -0.000820792
   0.0146609     -1.60448     0.301699
  0.00841974  -0.00896328    -0.999924
   -0.848254     0.529456   -0.0118886
    0.529523      0.84829  -0.00314525
   0.0147469     -1.62167     0.330896
  0.00818385  -0.00956676    -0.999921
   -0.826196     0.563252   -0.0121509
    0.563323      0.82623  -0.00329445
   0.0151698      -1.6549     0.336958
  0.00814545  -0.00997483    -0.999917
   -0.816872     0.576686   -0.0124072
    0.576762     0.816905  -0.00345078
   0.0154114     -1.67715     0.359843
  0.00761471   -0.0101531    -0.999919
   -0.795594     0.605708    -0.012209
    0.605783     0.795622  -0.00346544
   0.0159095     -1.71071     0.369184
  0.00701906  -0.00994936    -0.999926
   -0.782916     0.622018   -0.0116849
    0.622088      0.78294  -0.00342353
   0.0162221     -1.73283     0.402291
  0.00630742  -0.00992516    -0.999931
   -0.758365     0.651733   -0.0112527
    0.651799     0.758384  -0.00341614
   0.0167157     -1.76446     0.417725
   0.0057305  -0.00977773    -0.999936
   -0.742887     0.669329   -0.0108023
    0.669392     0.742902  -0.00342816
   0.0169973     -1.78544     0.461178
   0.0047542  -0.00941974    -0.999944
   -0.711102     0.703017   -0.0100035
    0.703072      0.71111  -0.00335612
   0.0173812     -1.81377     0.478736
  0.00464367   -0.0095892    -0.999943
   -0.700665     0.713419   -0.0100954
    0.713475     0.700672  -0.00340593
   0.0174436     -1.83282     0.517307
  0.00411869  -0.00972213    -0.999944
   -0.666333     0.745588  -0.00999367
    0.745643     0.666337  -0.00340732
    0.017612     -1.85924     0.545575
  0.00397768  -0.00965908    -0.999945
   -0.657553     0.753343  -0.00989267
    0.753398     0.657556   -0.0033548
   0.0177128      -1.8795     0.578202
  0.00340307  -0.00960255    -0.999948
   -0.620814     0.783899   -0.0096406
    0.783951     0.620814  -0.00329373
   0.0178954     -1.90865     0.613302
  0.00337808  -0.00990142    -0.999945
   -0.607339     0.794381  -0.00991768
    0.794435      0.60734  -0.00333004
   0.0179983     -1.93104     0.649008
  0.00312698   -0.0104661     -0.99994
   -0.573313     0.819271    -0.010368
     0.81933     0.573311  -0.00343853
   0.0181912     -1.96108     0.682219
  0.00310036   -0.0109543    -0.999935
    -0.55856     0.829394   -0.0108179
    0.829459     0.558557  -0.00354721
   0.0182901     -1.98249     0.719592
  0.00285372   -0.0114967     -0.99993
   -0.528677     0.848748   -0.0112673
    0.848818     0.528672  -0.00365593
   0.0184805     -2.01044     0.752603
  0.00279248   -0.0119854    -0.999924
   -0.513959     0.857735   -0.0117164
     0.85781     0.513952   -0.0037648
   0.0185562     -2.02972     0.792619
  0.00246969   -0.0125259    -0.999918
   -0.481989     0.876093   -0.0121652
    0.876174     0.481979  -0.00387364
   0.0187287      -2.0554     0.827942
  0.00236235   -0.0130149    -0.999913
   -0.466528     0.884417   -0.0126138
    0.884503     0.466517   -0.0039825
   0.0187916     -2.07297      0.86799
  0.00196336   -0.0135463    -0.999906
   -0.432676     0.901455   -0.0130621
    0.901548     0.432661   -0.0040913
    0.018935     -2.09664     0.907964
  0.00228285   -0.0206237    -0.999785
   -0.416739     0.908813   -0.0196987
    0.909023     0.416694  -0.00652001
   0.0189539     -2.10021      0.91729
   0.0019077   -0.0162208    -0.999867
   -0.425573     0.904791   -0.0154904
    0.904922     0.425546  -0.00517709
   0.0189951      -2.1078     0.936765
  0.00131601    -0.014997    -0.999887
   -0.405286     0.914079   -0.0142434
    0.914189     0.405258  -0.00487513
   0.0191508     -2.12752     0.967362
  0.00113136   -0.0136992    -0.999906
   -0.400883     0.916037   -0.0130038
    0.916129     0.400859  -0.00445541
   0.0191584     -2.13838      1.00033
  0.00109152   -0.0137567    -0.999905
   -0.409871     0.912051   -0.0129954
    0.912143     0.409846  -0.00464294
   0.0191732     -2.13922     0.998619
 0.000751492   -0.0131127    -0.999914
     -0.3711     0.928509   -0.0124552
    0.928592     0.371078  -0.00416835
   0.0192724     -2.15676      1.03052
 0.000565914     -0.01251    -0.999922
   -0.353005     0.935546   -0.0119044
    0.935621     0.352984  -0.00388665
   0.0192798     -2.16895      1.06774
  0.00020179   -0.0119096    -0.999929
   -0.319207     0.947617   -0.0113509
    0.947685     0.319187   -0.0036104
   0.0193582     -2.18482      1.09926
-9.62255e-05   -0.0113401    -0.999936
   -0.305979     0.951977   -0.0107668
    0.952038     0.305958  -0.00356144
   0.0193278     -2.19592      1.14562
-0.000433901   -0.0120184    -0.999928
    -0.27357     0.961784   -0.0114412
    0.961852     0.273545  -0.00370518
   0.0193968     -2.21102      1.19053
 -0.00140516   -0.0169745    -0.999855
   -0.295637      0.95517   -0.0158004
    0.955299     0.295572  -0.00636046
    0.019409     -2.21111      1.19893
  -0.0017572   -0.0145185    -0.999893
   -0.273775     0.961699   -0.0134828
    0.961792     0.273722  -0.00566469
   0.0193611     -2.21946      1.23413
  -0.0027752   -0.0142057    -0.999895
   -0.244164     0.969646   -0.0130983
     0.96973     0.244102  -0.00615948
   0.0193518     -2.23235      1.27174
-0.000880215    -0.012381    -0.999923
   -0.224999     0.974287   -0.0118656
    0.974359     0.224971   -0.0036433
   0.0191835     -2.23961      1.31391
  -0.0054766   -0.0151928     -0.99987
   -0.248283     0.968595   -0.0133577
    0.968672     0.248178  -0.00907672
   0.0193211     -2.23454      1.28718
 -0.00105961   -0.0125602    -0.999921
    -0.19681     0.980367    -0.012106
    0.980441     0.196782  -0.00351078
   0.0190461     -2.24642      1.36126
 -0.00114108   -0.0125567    -0.999921
   -0.188103     0.982075   -0.0121179
    0.982149     0.188074  -0.00348257
    0.018935     -2.25066        1.399
 -0.00146589   -0.0125674     -0.99992
   -0.159973     0.987046   -0.0121711
     0.98712     0.159942  -0.00345735
   0.0189668     -2.26068      1.42076
 -0.00149513   -0.0125969     -0.99992
   -0.153672     0.988046   -0.0122175
    0.988121     0.153642  -0.00341305
   0.0189447     -2.26598      1.44342
 -0.00140445   -0.0126438    -0.999919
   -0.162217     0.986679   -0.0122486
    0.986754     0.162187  -0.00343679
   0.0189172     -2.27673      1.49487
 -0.00146227   -0.0127765    -0.999917
   -0.156483     0.987603   -0.0123903
     0.98768     0.156452  -0.00344344
   0.0188717     -2.28324      1.53795
 -0.00133342    -0.012816    -0.999917
    -0.16408     0.986369   -0.0124235
    0.986446      0.16405  -0.00341809
     0.01884      -2.2936      1.58504
 -0.00137747   -0.0127878    -0.999917
   -0.160766     0.986915      -0.0124
    0.986992     0.160736  -0.00341529
   0.0187396     -2.29752      1.62924
  -0.0012508   -0.0125735     -0.99992
   -0.165347      0.98616   -0.0121936
    0.986235     0.165319  -0.00331249
   0.0186489     -2.30595      1.67769
 -0.00133119   -0.0124574    -0.999922
   -0.157961     0.987371   -0.0120908
    0.987444     0.157933  -0.00328217
    0.018572     -2.31069      1.70797
 -0.00133514   -0.0125396     -0.99992
   -0.156471     0.987608   -0.0121763
    0.987682     0.156442  -0.00328069
   0.0185263     -2.32059      1.75367
 -0.00138971   -0.0129686    -0.999915
   -0.152928     0.988157   -0.0126036
    0.988236     0.152898  -0.00335652
   0.0184433     -2.32489      1.79338
 -0.00155489   -0.0128042    -0.999917
   -0.146878     0.989076    -0.012437
    0.989153     0.146847  -0.00341856
   0.0184263     -2.33376      1.82843
 -0.00145964   -0.0127292    -0.999918
   -0.151747     0.988342   -0.0123603
    0.988418     0.151717  -0.00337425
   0.0183081     -2.33754      1.86297
 -0.00176492   -0.0120124    -0.999926
   -0.134235     0.990881   -0.0116668
    0.990948     0.134205  -0.00336132
   0.0182366     -2.34661      1.89789
 -0.00184613   -0.0116167    -0.999931
   -0.132664     0.991097   -0.0112691
    0.991159     0.132634  -0.00337081
   0.0180789     -2.35083      1.94107
 -0.00222821   -0.0112521    -0.999934
   -0.103816     0.994536     -0.01096
    0.994594     0.103785  -0.00338419
   0.0179845     -2.35774      1.98021
 -0.00232894   -0.0111459    -0.999935
  -0.0987333     0.995055   -0.0108616
    0.995111    0.0987016  -0.00341789
   0.0179328     -2.36146      2.00783
 -0.00280559   -0.0108971    -0.999937
   -0.080012     0.996737   -0.0106377
     0.99679     0.079977  -0.00366834
   0.0179208     -2.36336      2.03404
 -0.00647396  -0.00966488    -0.999932
   -0.111477     0.993727  -0.00888315
    0.993746     0.111412  -0.00751076
   0.0178712     -2.36196      2.04936
 -0.00275313   -0.0103193    -0.999943
  -0.0795249     0.996782   -0.0100677
    0.996829    0.0794927  -0.00356491
    0.017584     -2.36461       2.0995
 -0.00279833  -0.00973771    -0.999949
  -0.0738776     0.997222  -0.00950442
    0.997263    0.0738472  -0.00350995
   0.0174556     -2.36831      2.14298
 -0.00280139  -0.00984165    -0.999948
  -0.0705713      0.99746  -0.00961946
    0.997503    0.0705406  -0.00348882
   0.0172977     -2.37291      2.17068
  -0.0064379  -0.00215259    -0.999977
   -0.108744     0.994069  -0.00143977
    0.994049     0.108732   -0.0066338
   0.0174638     -2.36931      2.14563
 -0.00267234    -0.010484    -0.999941
  -0.0650462     0.997829   -0.0102881
    0.997879    0.0650149  -0.00334848
   0.0171304      -2.3785      2.21847
 -0.00273046    -0.010637     -0.99994
  -0.0641713     0.997884   -0.0104399
    0.997935    0.0641389  -0.00340727
   0.0170328     -2.38031       2.2611
 -0.00272858    -0.011811    -0.999927
  -0.0640018     0.997882   -0.0116122
    0.997946    0.0639654  -0.00347873
   0.0169244     -2.38364      2.31117
  -0.0027868   -0.0102298    -0.999944
   -0.065886     0.997777    -0.010024
    0.997823    0.0658543   -0.0034546
   0.0168389     -2.38572      2.34021
  -0.0031045  -0.00985269    -0.999947
  -0.0601452     0.998143  -0.00964818
    0.998185    0.0601121  -0.00369133
   0.0167247     -2.39355      2.38475
 -0.00534757  -0.00744306    -0.999958
   -0.088432     0.996058  -0.00694111
    0.996068    0.0883912  -0.00598469
   0.0167941     -2.38963      2.36579
 -0.00286684   -0.0100952    -0.999945
  -0.0482107     0.998788  -0.00994526
    0.998833    0.0481795  -0.00335006
   0.0166469     -2.39778      2.42282
  -0.0029127  -0.00957667     -0.99995
  -0.0390381     0.999193  -0.00945571
    0.999233    0.0390086   -0.0032842
   0.0165102     -2.39891       2.4725
 -0.00307369  -0.00993372    -0.999946
  -0.0232354     0.999681  -0.00985967
    0.999725    0.0232039  -0.00330353
   0.0163899     -2.40098      2.53111
 -0.00258634   -0.0074545    -0.999969
  -0.0658721     0.997802  -0.00726797
    0.997825    0.0658512  -0.00307169
   0.0164533     -2.39939      2.49722
 -0.00312501   -0.0104329    -0.999941
  -0.0220676     0.999703   -0.0103614
    0.999752    0.0220339  -0.00335431
   0.0162862     -2.40383      2.60002
 -0.00323121    -0.011224    -0.999932
  -0.0288038     0.999523   -0.0111263
     0.99958    0.0287659  -0.00355296
   0.0161724     -2.40488      2.65332
 -0.00302113   -0.0110411    -0.999934
  -0.0267676     0.999582   -0.0109563
    0.999637    0.0267327  -0.00331541
   0.0161017     -2.41019      2.70257
 -0.00322639    -0.011437    -0.999929
  -0.0321659     0.999418   -0.0113274
    0.999477    0.0321271   -0.0035924
   0.0159025     -2.40775      2.75237
 -0.00316472   -0.0114705    -0.999929
  -0.0330095      0.99939   -0.0113599
     0.99945    0.0329712  -0.00354142
   0.0157786     -2.40948        2.798
  -0.0029866   -0.0115012    -0.999929
  -0.0265867     0.999581   -0.0114177
    0.999642    0.0265507  -0.00329112
    0.015673      -2.4091      2.83314
 -0.00296448   -0.0116907    -0.999927
  -0.0311955     0.999446   -0.0115926
    0.999509    0.0311588  -0.00332754
   0.0155994     -2.41321      2.88249
 -0.00299016   -0.0118022    -0.999926
  -0.0315819     0.999433   -0.0117019
    0.999497    0.0315446   -0.0033612
   0.0154742     -2.41292      2.93111
  -0.0029958   -0.0121618    -0.999922
  -0.0367427     0.999252   -0.0120436
     0.99932    0.0367038  -0.00344042
   0.0153765     -2.41403      2.98019
 -0.00290817   -0.0122929     -0.99992
  -0.0405513     0.999103    -0.012165
    0.999173    0.0405127  -0.00340406
   0.0152599     -2.41385      3.02432
 -0.00278259   -0.0123724     -0.99992
  -0.0351143     0.999308   -0.0122671
    0.999379    0.0350774  -0.00321511
     0.01516     -2.41535      3.06581
 -0.00291078   -0.0123984    -0.999919
  -0.0382778     0.999192    -0.012278
    0.999263     0.038239  -0.00338301
   0.0150599      -2.4146      3.10406
 -0.00297035   -0.0124844    -0.999918
  -0.0342964     0.999335   -0.0123752
    0.999407    0.0342568  -0.00339655
   0.0149724     -2.41612      3.14215
 -0.00283529   -0.0125352    -0.999917
  -0.0351063     0.999306    -0.012428
     0.99938    0.0350682  -0.00327339
    0.014857     -2.41563      3.17755
 -0.00298711   -0.0125231    -0.999917
  -0.0332467      0.99937    -0.012417
    0.999443    0.0332068  -0.00340158
   0.0148179     -2.41657      3.21077
 -0.00296511   -0.0126622    -0.999915
  -0.0353023     0.999298   -0.0125497
    0.999372    0.0352621  -0.00341004
   0.0147403     -2.41832      3.24661
  -0.0029042   -0.0123381     -0.99992
  -0.0327217      0.99939   -0.0122366
     0.99946    0.0326835  -0.00330615
   0.0146379     -2.42009      3.28972
 -0.00286339   -0.0124561    -0.999918
  -0.0328544     0.999384   -0.0123554
    0.999456    0.0328164  -0.00327087
   0.0144682     -2.42001      3.33658
 -0.00280239   -0.0130949     -0.99991
  -0.0298887     0.999469   -0.0130054
    0.999549    0.0298495  -0.00319229
   0.0143016     -2.42377      3.38455
 -0.00172361   -0.0165912    -0.999861
  -0.0258417     0.999529   -0.0165411
    0.999665    0.0258096  -0.00215154
   0.0141905     -2.42446      3.39791
  -0.0027266   -0.0128332    -0.999914
  -0.0368603     0.999239    -0.012724
    0.999317    0.0368224  -0.00319756
    0.014023     -2.42589      3.44374
 -0.00276899   -0.0116686    -0.999928
  -0.0386248     0.999187    -0.011553
     0.99925      0.03859  -0.00321743
   0.0137857     -2.42733      3.48932
  -0.0027933   -0.0113716    -0.999931
  -0.0368143     0.999259   -0.0112611
    0.999318    0.0367804  -0.00320986
   0.0135256     -2.42762      3.52793
 -0.00284903    -0.011157    -0.999934
  -0.0350001     0.999326   -0.0110505
    0.999383    0.0349663   -0.0032376
   0.0132766       -2.427      3.57792
 -0.00280915   -0.0110749    -0.999935
   -0.035452     0.999311   -0.0109684
    0.999367    0.0354189  -0.00319984
   0.0130946     -2.42776      3.60874
 -0.00313187   -0.0109244    -0.999935
  -0.0406948     0.999113   -0.0107879
    0.999167    0.0406584  -0.00357366
   0.0128971     -2.43035      3.64725
 -0.00367194   -0.0116466    -0.999925
  -0.0265962      0.99958   -0.0115449
     0.99964    0.0265519  -0.00398015
    0.012907      -2.4311       3.6469
 -0.00285635    -0.010556     -0.99994
   -0.038816     0.999192   -0.0104372
    0.999242    0.0387839  -0.00326378
   0.0127643     -2.43274      3.68518
 -0.00280045   -0.0104102    -0.999942
   -0.039699     0.999159   -0.0102908
    0.999208    0.0396679  -0.00321137
    0.012617     -2.43577       3.7359
 -0.00280547   -0.0105601     -0.99994
  -0.0370721     0.999258   -0.0104489
    0.999309    0.0370406  -0.00319487
   0.0124564      -2.4362      3.76915
 -0.00226384   -0.0149217    -0.999886
  -0.0391111     0.999125   -0.0148218
    0.999232    0.0390731  -0.00284547
    0.012413     -2.43591      3.77146
 -0.00274329    -0.010705    -0.999939
  -0.0364308      0.99928    -0.010598
    0.999332    0.0363995  -0.00313131
   0.0122088      -2.4386      3.84763
 -0.00276712   -0.0104641    -0.999941
  -0.0369099     0.999265   -0.0103549
    0.999315    0.0368791  -0.00315132
   0.0120557     -2.44028      3.89636
 -0.00290109   -0.0119216    -0.999925
  -0.0391235     0.999165    -0.011799
     0.99923    0.0390863  -0.00336508
   0.0119538     -2.44128      3.93331
 -0.00281521    -0.011348    -0.999932
  -0.0323291     0.999414   -0.0112511
    0.999473    0.0322952  -0.00318043
   0.0118582      -2.4457      3.98048
 -0.00265385   -0.0159546    -0.999869
  -0.0411918     0.999026   -0.0158318
    0.999148    0.0411444  -0.00330846
   0.0118983     -2.44353      3.95851
 -0.00303507   -0.0113641    -0.999931
  -0.0308033     0.999462   -0.0112653
    0.999521     0.030767  -0.00338349
   0.0117193     -2.44686      4.02422
 -0.00310769   -0.0103125    -0.999942
  -0.0193442      0.99976   -0.0102505
    0.999808    0.0193113  -0.00330644
   0.0115639     -2.44895      4.07685
  -0.0029585   -0.0101807    -0.999944
   -0.013484     0.999858     -0.01014
    0.999905    0.0134532  -0.00309535
   0.0114214     -2.45053      4.11634
 -0.00317347   -0.0100031    -0.999945
 -0.00179155     0.999948  -0.00999742
    0.999993   0.00175972  -0.00319122
    0.011313     -2.45154      4.17874
 -0.00332394  -0.00995162    -0.999945
  0.00181638     0.999949   -0.0099577
    0.999993  -0.00184938   -0.0033057
   0.0112149     -2.45181      4.21993
 -0.00353895  -0.00987297    -0.999945
   0.0237957     0.999667  -0.00995445
    0.999711   -0.0238296  -0.00330283
   0.0111241     -2.45138       4.2642
 -0.00364742   -0.0101154    -0.999942
   0.0335514     0.999385   -0.0102322
     0.99943   -0.0335868  -0.00330579
   0.0110326     -2.44978      4.29891
 -0.00367533  -0.00995474    -0.999944
   0.0501971     0.998688   -0.0101267
    0.998733   -0.0502315  -0.00317081
   0.0108658     -2.44506      4.34148
  -0.0037901   -0.0100587    -0.999942
    0.048833     0.998755   -0.0102319
      0.9988    -0.048869  -0.00329418
   0.0107774      -2.4456      4.37488
 -0.00367766  -0.00980134    -0.999945
   0.0439344     0.998985  -0.00995351
    0.999028   -0.0439686  -0.00324332
   0.0106647     -2.44741      4.42019
 -0.00371644   -0.0105901    -0.999937
   0.0460775      0.99888   -0.0107502
    0.998931   -0.0461145  -0.00322431
   0.0106147     -2.44768       4.4605
 -0.00366858   -0.0104102    -0.999939
   0.0480064     0.998791   -0.0105743
     0.99884   -0.0480423  -0.00316439
   0.0104799     -2.44809      4.50787
 -0.00377102   -0.0110079    -0.999932
   0.0454629     0.998904    -0.011168
    0.998959    -0.045502  -0.00326643
   0.0104502     -2.44858      4.53763
  -0.0037088   -0.0103343     -0.99994
   0.0489597     0.998746   -0.0105035
    0.998794   -0.0489957  -0.00319818
   0.0103605     -2.44909      4.57577
 -0.00380811   -0.0108219    -0.999934
   0.0477814     0.998797   -0.0109916
    0.998851   -0.0478201  -0.00328644
   0.0102166     -2.44745      4.61196
 -0.00389526   -0.0113961    -0.999927
   0.0523031     0.998564   -0.0115843
    0.998624   -0.0523444  -0.00329361
    0.010068     -2.44662       4.6574
 -0.00392178   -0.0108656    -0.999933
   0.0605166     0.998106   -0.0110831
    0.998159    -0.060556   -0.0032568
    0.010014     -2.44701      4.68281
 -0.00372823   -0.0122209    -0.999918
   0.0605933     0.998085   -0.0124244
    0.998156   -0.0606347  -0.00298059
   0.0100464     -2.44702      4.66751
 -0.00403515   -0.0102101     -0.99994
    0.077193     0.996961   -0.0104912
    0.997008   -0.0772306  -0.00323474
  0.00984783     -2.44268      4.73618
 -0.00421582    -0.011282    -0.999927
   0.0771954     0.996949   -0.0115738
    0.997007   -0.0772386  -0.00333204
  0.00974534     -2.44232      4.76871
 -0.00438735   -0.0119487    -0.999919
    0.084887     0.996315   -0.0122781
    0.996381    -0.084934  -0.00335689
   0.0096718     -2.44259      4.81012
 -0.00418653   -0.0122939    -0.999916
   0.0747924      0.99712   -0.0125727
     0.99719   -0.0748388  -0.00325498
  0.00955091     -2.43829      4.84288
 -0.00398146   -0.0130576    -0.999907
    0.067354     0.997641   -0.0132962
    0.997721   -0.0674007  -0.00309259
  0.00932448       -2.435      4.88956
 -0.00244488   -0.0190732    -0.999815
   0.0668878     0.997576   -0.0191941
    0.997758   -0.0669224  -0.00116318
  0.00929357     -2.43782      4.89693
 -0.00401108   -0.0122426    -0.999917
   0.0801368     0.996705   -0.0125248
    0.996776   -0.0801804  -0.00301678
  0.00925388      -2.4399      4.91487
 -0.00404085   -0.0115144    -0.999926
   0.0689573      0.99755   -0.0117658
    0.997611   -0.0689997  -0.00323695
  0.00904701     -2.43328      4.95706
  -0.0039289   -0.0112911    -0.999929
   0.0640582      0.99788   -0.0115197
    0.997938   -0.0640989  -0.00319728
  0.00894173     -2.42877      4.99321
 -0.00379018   -0.0109642    -0.999933
    0.061312     0.998056    -0.011176
    0.998111   -0.0613503  -0.00311057
  0.00876614     -2.42406      5.04748
 -0.00353675   -0.0121391     -0.99992
   0.0664733     0.997712   -0.0123474
    0.997782   -0.0665116  -0.00272173
  0.00871124     -2.42276      5.07186
  -0.0052921   -0.0151018    -0.999872
   0.0666029      0.99766   -0.0154209
    0.997766    -0.066676  -0.00427389
  0.00879487     -2.42341      5.06962
  -0.0036683     -0.01209     -0.99992
   0.0679043     0.997616   -0.0123113
    0.997685   -0.0679441  -0.00283859
  0.00843844     -2.41851      5.14878
 -0.00445581   -0.0122514    -0.999915
   0.0679417     0.997611   -0.0125259
    0.997679   -0.0679917  -0.00361279
  0.00814546     -2.41501      5.19386
 -0.00454972   -0.0120252    -0.999917
    0.068711     0.997561   -0.0123095
    0.997626   -0.0687614  -0.00371236
  0.00791427     -2.41788      5.22975
 -0.00683965   -0.0132712    -0.999889
   0.0593146     0.998146   -0.0136538
    0.998216   -0.0594014  -0.00603979
  0.00797431     -2.41542      5.22639
 -0.00400131   -0.0105075    -0.999937
   0.0647294     0.997845   -0.0107445
    0.997895   -0.0647683  -0.00331254
  0.00740387     -2.41177      5.31836
 -0.00384109    -0.010307     -0.99994
   0.0615215      0.99805   -0.0105238
    0.998098   -0.0615582   -0.0031995
  0.00713294     -2.40864      5.37688
 -0.00374315   -0.0103147     -0.99994
    0.061437     0.998055   -0.0105252
    0.998104   -0.0614727  -0.00310217
  0.00703969     -2.40813      5.40788
 -0.00350055   -0.0109961    -0.999933
   0.0725551     0.997301   -0.0112212
    0.997358   -0.0725895  -0.00269328
  0.00690155     -2.40661      5.46436
 -0.00392941   -0.0108091    -0.999934
    0.082497      0.99653   -0.0110965
    0.996584   -0.0825352  -0.00302405
   0.0067657     -2.40409      5.49727
 -0.00378868   -0.0107856    -0.999935
   0.0983029     0.995095   -0.0111059
    0.995149   -0.0983386  -0.00270984
  0.00646876     -2.39764      5.55634
 -0.00412036   -0.0102363    -0.999939
   0.0936645     0.995548   -0.0105773
    0.995595   -0.0937024  -0.00314324
  0.00624908     -2.39494      5.58979
 -0.00416513   -0.0101177     -0.99994
   0.0930264     0.995609   -0.0104613
    0.995655   -0.0930644  -0.00320563
  0.00599765     -2.39096      5.64143
 -0.00403166   -0.0100903    -0.999941
   0.0913836     0.995761   -0.0104166
    0.995808   -0.0914202  -0.00309248
  0.00584218     -2.38756      5.67389
 -0.00361092  -0.00998263    -0.999944
   0.0927595     0.995636   -0.0102746
    0.995682   -0.0927914  -0.00266918
  0.00559134     -2.38158      5.72593
 -0.00394792  -0.00976458    -0.999945
   0.0954699     0.995381   -0.0100969
    0.995424   -0.0955044  -0.00299746
  0.00556522     -2.38294      5.74916
 -0.00386016  -0.00984688    -0.999944
    0.110492     0.993824   -0.0102132
    0.993869    -0.110526  -0.00274831
  0.00540586     -2.38147      5.79356
 -0.00419336  -0.00981743    -0.999943
    0.118659     0.992882   -0.0102457
    0.992926    -0.118695  -0.00299858
  0.00536656     -2.38309      5.81433
 -0.00421434  -0.00943722    -0.999947
    0.146211     0.989203  -0.00995204
    0.989244    -0.146245  -0.00278902
  0.00516198     -2.37906      5.85751
 -0.00437945  -0.00937621    -0.999946
    0.156229     0.987671  -0.00994534
    0.987711    -0.156264  -0.00286062
  0.00509115     -2.37834      5.88486
 -0.00906924  -0.00741437    -0.999931
    0.152045     0.988335  -0.00870742
    0.988332    -0.152114  -0.00783613
  0.00509303     -2.37312      5.90758
 -0.00472985    -0.008998    -0.999948
    0.172838     0.984903  -0.00968015
    0.984939    -0.172875  -0.00310325
  0.00475428     -2.36225      5.96622
 -0.00492625  -0.00968826    -0.999941
    0.177245     0.984112   -0.0104081
    0.984154    -0.177286  -0.00313079
  0.00464084     -2.35835      6.00675
 -0.00486073  -0.00933907    -0.999945
    0.200099     0.979723   -0.0101229
    0.979764    -0.200137  -0.00289343
  0.00446394     -2.35173        6.052
  -0.0049151  -0.00949335    -0.999943
    0.200071     0.979727   -0.0102849
    0.979769    -0.200111  -0.00291611
  0.00431522     -2.34165      6.08524
 -0.00506047  -0.00917722    -0.999945
    0.227554     0.973713   -0.0100881
    0.973752    -0.227592  -0.00283914
  0.00402616     -2.33028      6.13307
 -0.00571335  -0.00962938    -0.999937
    0.231963     0.972666   -0.0106921
    0.972708     -0.23201  -0.00332352
  0.00396486     -2.32669      6.15398
 -0.00785785   -0.0110727    -0.999908
    0.239265     0.970872   -0.0126314
    0.970923    -0.239342  -0.00497967
  0.00405611      -2.3298      6.13886
 -0.00566751  -0.00907583    -0.999943
    0.262271      0.96494   -0.0102446
    0.964978    -0.262314  -0.00308849
  0.00373849      -2.3163      6.19932
 -0.00547744  -0.00866255    -0.999947
    0.271086     0.962505  -0.00982313
     0.96254    -0.271126  -0.00292377
  0.00360768     -2.31681      6.22474
 -0.00620981  -0.00839098    -0.999946
    0.307569     0.951474  -0.00989428
    0.951505    -0.307614  -0.00332767
  0.00336863     -2.30198      6.27244
 -0.00627273  -0.00843311    -0.999945
    0.313914     0.949399  -0.00997603
    0.949431    -0.313959  -0.00330805
  0.00325581     -2.29337      6.29527
 -0.00663943  -0.00480502    -0.999966
    0.341884     0.939718   -0.0067855
    0.939719    -0.341918  -0.00459643
  0.00324158     -2.29416      6.29481
 -0.00677875  -0.00826241    -0.999943
    0.360812     0.932583   -0.0101518
    0.932614    -0.360861  -0.00334057
  0.00268262     -2.26101      6.37084
 -0.00713007  -0.00808253    -0.999942
    0.402714     0.915268   -0.0102697
    0.915298    -0.402763  -0.00327098
  0.00229861     -2.23803      6.41652
 -0.00716049  -0.00795649    -0.999943
    0.408338     0.912774    -0.010187
    0.912803    -0.408388  -0.00328697
   0.0020932     -2.22655       6.4441
 -0.00752052  -0.00766133    -0.999942
    0.448315     0.893817     -0.01022
    0.893844    -0.448366  -0.00328728
  0.00167149     -2.20002      6.49023
 -0.00760624  -0.00554256    -0.999956
    0.446913     0.894539  -0.00835773
    0.894545    -0.446956  -0.00432703
  0.00190328     -2.21482      6.46506
 -0.00762111  -0.00797128    -0.999939
     0.45151     0.892204   -0.0105537
    0.892234    -0.451563  -0.00320047
  0.00145194     -2.18604      6.51547
 -0.00786039   -0.0083606    -0.999934
    0.460324     0.887682   -0.0110406
    0.887716     -0.46038  -0.00312895
  0.00112446     -2.16295      6.55372
  -0.0078799  -0.00845193    -0.999933
    0.459538     0.888088   -0.0111279
    0.888123    -0.459595  -0.00311406
 0.000914044     -2.14906      6.57792
 -0.00781032  -0.00844444    -0.999934
    0.455073     0.890385   -0.0110738
     0.89042     -0.45513  -0.00311135
  0.00053357     -2.12622      6.62126
 -0.00765096  -0.00812444    -0.999938
    0.455344     0.890251   -0.0107173
    0.890283    -0.455398  -0.00311186
  0.00027725     -2.11078      6.65009
 -0.00775855  -0.00840207    -0.999935
    0.451917     0.891992   -0.0110015
    0.892026    -0.451973  -0.00312353
-8.80412e-05     -2.08746      6.69621
 -0.00770997  -0.00817018    -0.999937
    0.452072     0.891917   -0.0107733
    0.891948    -0.452126  -0.00318314
-0.000317447     -2.07154      6.72935
 -0.00773573  -0.00938537    -0.999926
    0.453696     0.891078   -0.0118736
    0.891123    -0.453754  -0.00263504
-0.000707647     -2.04624      6.78165
 -0.00762769  -0.00989119    -0.999922
    0.456557     0.889609   -0.0122827
    0.889661    -0.456615  -0.00226977
-0.000862395     -2.03561      6.80578
 -0.00749851  -0.00996511    -0.999922
    0.456351     0.889715    -0.012289
    0.889768    -0.456408  -0.00212395
 -0.00123624     -2.01168      6.85453
 -0.00793676  -0.00978256    -0.999921
    0.455195     0.890307   -0.0123232
    0.890357    -0.455256  -0.00261318
 -0.00150425      -1.9981      6.88542
 -0.00805068  -0.00967563    -0.999921
    0.454863     0.890477   -0.0122789
    0.890525    -0.454926  -0.00276786
 -0.00194297       -1.977      6.93193
 -0.00793411  -0.00958005    -0.999923
    0.454352     0.890739   -0.0121392
    0.890787    -0.454413  -0.00271451
  -0.0021959     -1.96231      6.96137
 -0.00729751  -0.00918153    -0.999931
    0.455571     0.890125    -0.011498
     0.89017    -0.455623  -0.00231286
 -0.00253356     -1.93825      7.00729
 -0.00702776  -0.00924597    -0.999933
    0.458104     0.888825   -0.0114383
    0.888871    -0.458154  -0.00201083
 -0.00272096     -1.92719      7.03212
  -0.0070725  -0.00892468    -0.999935
    0.453898     0.890984   -0.0111627
    0.891026    -0.453947  -0.00225059
 -0.00308973     -1.90506      7.08002
 -0.00545279  -0.00956019    -0.999939
    0.448379     0.893776   -0.0109903
    0.893827    -0.448411 -0.000586986
 -0.00314906     -1.90382      7.08268
 -0.00645945  -0.00834371    -0.999944
    0.457387     0.889207   -0.0103743
    0.889244    -0.457429  -0.00192748
 -0.00366721     -1.86451      7.16143
   -0.006767  -0.00799824    -0.999945
     0.45422     0.890831   -0.0101993
    0.890864    -0.454264   -0.0023953
 -0.00390493     -1.85021      7.19324
 -0.00623102  -0.00781697     -0.99995
    0.451492     0.892221  -0.00978821
    0.892253    -0.451531  -0.00203015
 -0.00436578     -1.82555      7.24026
 -0.00518334  -0.00752695    -0.999958
      0.4293     0.903117   -0.0090233
    0.903147    -0.429329  -0.00144983
  -0.0044638     -1.82274      7.24342
  -0.0059644  -0.00751174    -0.999954
    0.434342     0.900699  -0.00935684
    0.900728    -0.434378  -0.00210946
 -0.00494735     -1.78776      7.31625
 -0.00613592  -0.00752038    -0.999953
    0.437477      0.89918  -0.00944694
    0.899208    -0.437515   -0.0022273
 -0.00518518     -1.77002      7.35106
 -0.00582905  -0.00755094    -0.999955
    0.426881      0.90426  -0.00931675
    0.904289    -0.426916  -0.00204763
 -0.00558111     -1.74963      7.39616
 -0.00595742  -0.00752564    -0.999954
    0.423658     0.905774  -0.00934087
    0.905803    -0.423694  -0.00220778
 -0.00566622      -1.7426      7.41364
  -0.0048442  -0.00794226    -0.999957
    0.410983     0.911596  -0.00923141
     0.91163     -0.41101  -0.00115182
  -0.0058236     -1.73321      7.43658
 -0.00655258  -0.00795145    -0.999947
     0.41827     0.908268  -0.00996332
    0.908299    -0.418313  -0.00262564
 -0.00599978     -1.72108      7.46609
 -0.00687179  -0.00802208    -0.999944
    0.422976     0.906084   -0.0101758
    0.906115    -0.423022  -0.00283327
 -0.00621227     -1.70836      7.49452
 -0.00676536  -0.00796931    -0.999945
    0.418998     0.907931   -0.0100708
    0.907962    -0.419044  -0.00280335
 -0.00652988     -1.68644       7.5418
  -0.0065658  -0.00789434    -0.999947
    0.417674     0.908543  -0.00991523
    0.908573    -0.417717  -0.00266805
 -0.00673896     -1.67362      7.57231
 -0.00574167  -0.00752002    -0.999955
    0.422865     0.906146   -0.0092426
    0.906175    -0.422899  -0.00202284
 -0.00705783     -1.65478      7.61282
  -0.0063652   -0.0051833    -0.999966
    0.407098     0.913355  -0.00732571
    0.913362    -0.407131  -0.00370358
 -0.00706771     -1.65093      7.61641
 -0.00588358  -0.00735521    -0.999956
    0.421974     0.906562  -0.00915108
    0.906589    -0.422009  -0.00223012
 -0.00755316     -1.61701      7.68785
 -0.00660563  -0.00782131    -0.999948
    0.417419     0.908661  -0.00986475
     0.90869    -0.417462  -0.00273752
 -0.00779048     -1.60605      7.71309
  -0.0067918  -0.00777829    -0.999947
    0.417695     0.908533  -0.00990426
    0.908562     -0.41774  -0.00292163
 -0.00819679     -1.58739      7.75659
 -0.00698139  -0.00800317    -0.999944
    0.411835     0.911202   -0.0101683
    0.911232    -0.411883  -0.00306547
 -0.00856297     -1.57782      7.78361
 -0.00702938  -0.00801464    -0.999943
     0.41067     0.911727   -0.0101945
    0.911757    -0.410718  -0.00311751
 -0.00898317     -1.55983      7.82584
 -0.00710025  -0.00783685    -0.999944
    0.411937     0.911157    -0.010066
    0.911185    -0.411986  -0.00324115
  -0.0092895     -1.54664      7.85565
 -0.00705946    -0.008011    -0.999943
