1.0 2.264591520066693e-18 2.9379868233552583e-19
-2.958934115933027e-18 0.9999999999999999 -5.712676476118162e-19
-9.067847734130721e-19 -7.762935713018621e-19 1.0
0.0 0.0 0.0
-0.19506041136516 -0.7149733307166487 0.6713884994363649
0.7385773464940625 -0.5574853999394529 -0.3790952625553925
0.6453337054620367 0.4219263931206852 0.6368062662092756
0.9825451528854207 0.025200655122271556 -0.08360298304089928
-0.596042231730882 -0.5281953938113776 0.6047661196705022
0.7785570383110437 -0.19592518616979962 0.5962072673044677
-0.1964251249224686 0.8262090254822599 0.5280102064633375
2.0241161637185447 -0.02243210840625609 0.03615423601837771
-0.5223836515389831 0.7204089437658846 -0.45620822665161015
-0.06313054138781923 -0.5662149893778964 -0.8218359806297215
-0.8503703491303788 -0.4005128068709573 0.3412618592315331
3.0536281448004186 0.017601214139970997 0.1565175665569396
-0.06599089958843511 0.7781731604540235 -0.6245727040485463
-0.9708820054747762 0.09438576519210362 0.22017914535497024
0.23028908265582548 0.620916049239574 0.7492866570207546
4.006693688823867 -0.05164060859185048 0.1625427833256327
0.36595957166703286 -0.6216259490050121 -0.6925708572962003
0.894349660524155 0.44068496323080586 0.07703874332843148
0.25731648577193555 -0.6475932851829242 0.717224372391522
5.065930625849273 0.03148031055559384 0.2566490552694574
0.2776582721594119 0.3048454579049353 0.9110288767920726
-0.879130022458308 0.46298964070433835 0.11301141893941169
-0.3873460375586035 -0.8322918187382732 0.3965512364055279
6.078689171881217 -0.07121442626070995 0.1659452202213213
-0.20543221555487293 -0.13816923736814593 0.968868040089329
0.6913156210237799 -0.7212284025343764 0.043728567765743874
0.6927335733661961 0.6787777966807232 0.24368192298764643
6.994917458303839 -0.16631699544776585 0.2487586860445615
-0.7031818041593572 -0.1819618137681723 -0.6873307326708743
-0.5329202083535654 -0.5050454822291822 0.6789141039255364
-0.4706708888127277 0.8436936743465993 0.2581681899453587
7.981015973035255 -0.07917112441717764 0.25196192052241756
0.8046223031626146 -0.5322187457980658 -0.2632977434420354
0.5540785038236995 0.8323965181704351 0.01066101165745291
0.21349435416064758 -0.15446552936301253 0.9646557724684373
9.001681287689951 -0.17728587209479366 0.3614360233789666
-0.18809822903574117 0.910644251243622 0.3678931593453038
-0.681501867375824 -0.3907453437312104 0.6187679236854696
0.707229675837189 -0.1343303808049849 0.694104351209374
9.998225259657772 -0.13339703065273692 0.24658200648363293
-0.6589240158413013 0.030359923133303084 0.7515963111369656
-0.40940080633585313 -0.8527046471105939 -0.32447813058409597
0.6310385351428499 -0.5215103885329744 0.5742972518177776
10.976439329272987 -0.2999041466149596 0.2425615832222826
-0.5800830848950072 0.45564799154974384 -0.6751937394250782
-0.8135239114918255 -0.36581466162295967 0.4520613485469293
-0.04101509513397266 0.8115199251249278 0.5828834276623657
11.904800871372077 -0.12099375063329504 0.22106542732932957
0.4647661346307328 -0.12845442554008646 -0.8760651924872938
0.623203205117095 0.7503008001618169 0.2206060638913204
0.6289745463866182 -0.648497061500498 0.42876739227487964
12.893653958684089 -0.20279570527541144 0.25978751640584496
0.6264629871824894 0.5738078933741332 0.5275294514175561
-0.7441595084253052 0.23895980553087962 0.623798343218025
0.23188138879232378 -0.7833537692631156 0.5767043955929703
13.976580064148884 -0.2726757542016886 0.3022755074897586
0.8199303908026039 0.5494278794262305 -0.16075145298192794
-0.17966948766971408 0.513602402469811 0.8390062337472659
0.5435365269223726 -0.6590446116416233 0.5198337348404047
14.85950988383105 -0.49912947427382165 0.3851823921744707
-0.6325008521962713 -0.21159959410024545 0.7450953239142807
0.2888344509377077 -0.9570100103575446 -0.026594038670281803
0.7186903556110442 0.1983882520687026 0.6664277928132222
15.814577142714509 -0.4834720504189536 0.26618923193213395
-0.4070080953953106 -0.5818225944660362 0.7041482351236229
-0.4121887920437529 -0.5709476511199747 -0.7100133296310113
0.8151346532560017 -0.5792244097288428 -0.007440531652349593
16.84722706940234 -0.5185968223173811 0.2733240549753052
0.6706266031361041 0.6940956664044617 -0.2617054215195078
-0.17167546275298431 0.48844714079155077 0.8555392469696712
0.7216557795817258 -0.528818566793168 0.4467254844073185
17.813591817459166 -0.4177845404809094 0.27684589814413413
0.1138287648134506 0.24926582955792825 0.9617211530404076
-0.9934885187589821 0.03320829796295578 0.10898197175041646
-0.00477168356746278 -0.9678657708369116 0.25142367689655415
18.832031254595407 -0.44816474383344174 0.19628505298028415
-0.36817883016094816 -0.8817988298236438 0.2947457824016552
0.35690333349930364 0.1586854618363011 0.9205640968611449
-0.8585240820255011 0.4441278772488048 0.2562922108971691
18.81072416191405 0.48958997367488594 0.40969767392868434
0.4835887823174477 0.8360143050033795 0.2592724635725605
-0.8750307202535075 0.4690262395429877 0.11972821555691424
-0.021510964956868547 -0.28477024370642623 0.9583541701973952
17.902320210773457 0.6040031196052889 0.44637497661020076
-0.14264698070538132 0.9889710660417745 -0.03983789461038754
-0.9602057588101537 -0.12850929427036878 0.2479742528799932
0.2401198840209995 0.07362534144199127 0.9679473582444943
16.877815303261283 0.5460633674024866 0.4398030957169889
0.028401652686947366 -0.7888825071864127 -0.6138872956637339
0.677235885913318 0.46689138642025496 -0.568651231145161
0.7352173808094525 -0.3995958161841521 0.5475195087916948
15.935681411210387 0.5774093684784076 0.33358296581610897
-0.2637530154469139 -0.4978572217890057 0.826179299185851
0.6666971685938446 -0.7130812099582731 -0.2168653921355651
0.6971005384325895 0.4936129994703495 0.5199976781708293
14.893304846168377 0.6525748550954554 0.3553014733841557
0.7573867190257731 -0.6048864912750468 0.24591983053654193
0.6286781711837992 0.7772851528770793 -0.02432804980588105
-0.17643372341859254 0.17303060793657588 0.9689847878954486
13.909604449194644 0.7707747647244199 0.2951108794628393
-0.7668830410209702 0.5024664232588036 -0.39927100968153895
-0.4268712645204443 0.06520800882828456 0.9019584266954864
0.4792393257891456 0.8621337318316408 0.16448107705442253
13.038849009067466 0.8812649768703531 0.35687099421569135
0.5528608999810931 0.4166517017657075 0.7216266790917899
-0.7299072552100108 0.6599129887173371 0.17818471887420828
-0.4019704092222981 -0.6252325311960243 0.6689571035831471
11.969245665563884 0.8550651079878062 0.27681179427662733
-0.7769012361133464 0.1591536420246995 0.6091748082005963
-0.6037842277447524 -0.4626472789873708 -0.649155331469853
0.17851742681458801 -0.8721397799265801 0.45552649856888344
11.025707512829346 0.8062588901628871 0.3304300892925761
-0.627206023319091 -0.46128518458634254 -0.6275572469145484
0.6868435460172756 0.0523248255935215 -0.7249193330506151
0.36723135746727165 -0.8857073940350769 0.2840123477116926
10.005008183776196 0.9264908217674553 0.25190776785472424
0.7633290076471178 0.34699676211772745 -0.544903895973337
0.3319424966133654 0.5129435446050428 0.7916459715681665
0.5542036687373637 -0.7851633576035892 0.27636115539797823
9.032923015341257 0.8131113328263022 0.27129479519232697
0.2959070302859366 0.9535009365850192 -0.05721446379855426
-0.7703799787004434 0.27363298459147617 0.5758816874277666
0.5647602945967275 -0.12633090074481074 0.815528278589731
8.140319863526024 0.8795519317679339 0.3589772884060401
0.5506946153852141 -0.6230611630657057 0.555453791773865
-0.19590737515642714 0.550382758625074 0.8116024068511336
-0.8113910147055814 -0.555763547241532 0.18103066500008183
7.13194479719912 0.837380735118753 0.3694284774768408
-0.13658364101325907 0.6062503793152432 -0.7834565419608618
-0.9539045332601525 0.13285203619140754 0.269101965628201
0.2672276513974675 0.7840979004537065 0.5601604497960363
6.0721233417525475 0.9823436979132127 0.2313801448047661
-0.1820038257269854 -0.29728196013458585 -0.9372818521034079
0.5059963692092901 -0.8456256660959476 0.16995600380837766
-0.8431146676675997 -0.443328578100295 0.3043305447538478
5.067562388047414 1.015290681437075 0.3143154827268705
0.30686776868090926 0.8119782376269113 0.49650961146340644
-0.9514003433983856 0.24752900678689538 0.18321020261195173
0.02586207006511936 -0.5286014991636641 0.8484756165940646
4.043221639430878 1.0457189693345217 0.26379587597228116
-0.6880111262321835 -0.08302096131129866 0.7209350729000285
0.7251174642546843 -0.11844050276271333 0.6783635061679246
0.029069778349239052 0.9894844664104495 0.14168831122412054
2.9998952591480403 1.0967210229369666 0.20690292237598332
-0.7289734638680853 -0.4753221651479385 -0.49261091340545554
0.5231146962158152 0.07734501845655592 -0.8487457482600419
0.44152833289381654 -0.876405396060096 0.1922654490444767
2.0766089669079926 1.072496998938859 0.07804299122335577
-0.03760969311696838 -0.9981913515301496 -0.046892853263264284
0.9984027326477876 -0.03555464435452905 -0.04391432151017765
0.04216762465689268 -0.04846949541541707 0.9979342452748424
1.07994163503065 1.1006391009218977 0.023144279951219645
-0.3171796534317771 -0.4051571730068602 -0.8574643080170163
0.9442108673680937 -0.21945221735829024 -0.24557466442435402
-0.08867614252800936 -0.8875182746804854 0.45215964249858864
0.18528557185669484 1.0686832295827917 0.10884406069955954
-0.26602244792346225 0.7548063689686786 -0.599581269844045
-0.5432425790328239 -0.6312065568896644 -0.553593878016972
-0.7963162433180262 0.17845050038042365 0.5779578908969272
0.1853689004549121 2.029324690695045 0.15508612140812197
0.7680615302290112 0.33269902358681985 0.547168059059947
-0.06205337548544486 0.88909404563908 -0.4534990347798175
-0.6373616716792767 0.31436108793150835 0.7035244560665107
1.0808707565920808 2.0220518750264915 0.03163814613649048
0.9553255955357086 -0.25593983784784324 0.14780831515092915
-0.11395105794144664 0.14248069729333362 0.983216654704079
-0.2727046072492209 -0.9561350297086203 0.1069511190192451
2.078995491844489 1.9349548117202189 0.09695111261003618
-0.6749870216579235 -0.46499826485662354 -0.5728598030209683
-0.2959545605796389 -0.5405836898860882 0.7875155115452129
-0.6758718240611651 0.7011037395081485 0.2272694236201381
3.0633726414354645 2.031506479836945 0.22863695537862935
0.79790824846089 -0.08311892810063057 -0.5970209164118687
-0.12405320338734928 0.9466014258651151 -0.29758461646594425
0.5898752646301617 0.3115070563233763 0.7449895679458637
4.043479269696713 2.012083155877303 0.22952395899079917
0.1910213224426694 -0.38389979685407444 -0.9033993844584086
0.44161082789665546 0.8555559588243818 -0.2701909794014768
0.8766357502267192 -0.34733921071968427 0.3329644025846811
5.101720815660071 1.978372166216775 0.389137412642097
0.23564633663650106 0.09934364248479328 0.9667470220399546
-0.9395245181486781 0.2776730829749166 0.2004769824210565
-0.24852374557785314 -0.9555252911010643 0.158768174588823
6.121041156500152 1.9644979281688573 0.2534131365424069
-0.1677575871957994 -0.2232227395342395 0.960223051834552
0.8809989659985455 -0.4710283398732191 0.04441693923772406
0.44237692238301324 0.8534072058269819 0.2756781844505417
7.173007618602425 1.8603256809250013 0.41541285623974633
-0.5106187773271581 -0.5194039743149408 0.6851915504596113
0.8417055820062126 -0.13930603217365112 0.5216562393035236
-0.17549922438935084 0.8430967656040973 0.5083185891346153
8.105206818787675 1.871688154475188 0.41846579988519184
-0.37624728976310434 0.8331658579243728 0.4053056632113631
-0.9038280392407098 -0.426271404232065 0.03723609733512941
0.20379369278481618 -0.35231723351481864 0.9134220010878462
9.141268296790404 1.8340385739161171 0.3885752254518385
0.9950450433823879 -0.0781112506856822 0.06150289792558745
-0.035365976902396616 0.300057023227775 0.9532651268907946
-0.09291512669913586 -0.9507175205690179 0.2958084163148563
10.084025478204383 1.8773983616975756 0.4237008433608031
0.1154981551556672 0.5113230902054826 -0.8515919108077943
-0.6901969627458032 -0.5752429434114769 -0.439003221040038
-0.7143448871201695 0.6384696234839334 0.28647385323780583
11.104107683817217 1.9249272250844616 0.4297819405776435
0.11356436193536848 0.40513546547469337 -0.9071752360193973
-0.9660482664725789 -0.1682453834571175 -0.19607156864738867
-0.23206358651252731 0.8986429247895086 0.3722744974670641
12.044746467129038 1.8169215794275446 0.3744409152492803
0.5810270486001441 -0.35988570873569103 0.7299923606125833
-0.4655062441939694 0.5887848709710559 0.6607838575967547
-0.667615723226623 -0.7237501559186318 0.1745705865309771
13.028587890095384 1.8851858389823846 0.3178999358921951
-0.8686649811615057 0.13523991192491555 -0.47658092980943556
-0.49013635884098483 -0.37445946109493056 0.7871124419711756
-0.07201101269200418 0.9173275402316997 0.39156590307172645
13.949785614612837 1.8145879284781112 0.3464821674135473
-0.5346908243773912 -0.7491844158487776 0.3909316078487231
0.01858506707388928 -0.4729289292169838 -0.8809042850641748
0.8448432239413345 -0.4637457818418576 0.2667945227435444
14.937932624633614 1.7994968477139228 0.3368291838061551
0.7984526837454872 0.10223382795868438 0.5933125455807772
0.5940907993530588 0.02598803142906089 -0.803978429983652
-0.09761274872731453 0.9944211235949421 -0.039986005663530194
15.980809781796733 1.6610754781014931 0.3575594799938352
0.6586305442932389 0.41020120359143847 0.6308245254176755
-0.733965809185121 0.1654667348031883 0.6587212801049284
0.1658275149263393 -0.8968589790073033 0.41005542115016996
16.953334020657632 1.6662526943631508 0.39389959685658016
-0.6257947377449861 -0.7123873758998566 0.31762276457030825
0.6356021008469451 -0.7017861576784428 -0.3217230255042818
0.45209481874481233 0.0005487898283555599 0.8919696693858856
17.926248253960512 1.5624028043681484 0.30221063514078306
-0.6595718485200541 -0.6775727212732068 -0.3253597043145419
0.4425921165223892 -0.00024122661381273153 -0.8967232084669212
0.6075166792787144 -0.7354550166040015 0.30004744527044475
18.82246320395405 1.4222967617558318 0.3190561181070971
0.8228257865712102 -0.39460359921611016 -0.408956378611375
-0.09373652325304573 0.6155262057768527 -0.782522652933649
0.5605093214192993 0.6822138107662831 0.4694819773179972
19.01007888833984 2.326084032646978 0.3857248330637748
-0.5634419393386079 -0.5932578773152173 0.5749588730038303
0.32814694836047914 -0.7993993415836101 -0.503268052246089
0.7581906027971322 -0.09489128381917947 0.6450913926433559
17.960733939373284 2.4555106114502685 0.3961027745133985
0.25113132536878674 -0.7566772472503883 0.6036322861736316
0.8602739128933873 0.46033179178461686 0.21914170314985998
-0.4436912236565126 0.46425647473006615 0.7665536483186156
17.006942534238622 2.584517280560039 0.46590994499050253
0.5068018741691214 -0.021645409493293064 -0.8617896603628266
-0.6126374496365381 0.6942649914801826 -0.3777182510171049
0.6064865016758485 0.7193937943817915 0.33859463635529435
16.013802320329376 2.5958453208519043 0.3499609385666217
-0.7462491586753333 -0.5799339834591675 -0.3267840486036575
0.4523005483013107 -0.0815660587907542 -0.8881281914684597
0.488400761288296 -0.8105694126346374 0.3231732961066654
14.999123899343902 2.7996085222137292 0.4022050210312359
-0.09670907118657103 0.3733015032201831 -0.9226553763659847
-0.9935736518337026 -0.09098400109849761 0.0673308273186062
-0.058812064344184706 0.923237460942099 0.37970213906855066
14.00026454472999 2.9156229770134416 0.3773652193414621
-0.2793257530656017 0.9240415390952689 -0.2610049376037802
-0.6882067765698927 -0.0031097185382720043 0.7255075670669558
0.6695876944450189 0.3822784217766003 0.6368009479903222
13.06396176807404 2.8076792973270353 0.40563154796876344
-0.4517755523771141 0.6650349517367307 -0.594664927262774
-0.8474724071500493 -0.5281703753481383 0.05316508901088717
-0.2787280159289742 0.5279805840043114 0.80221398804598
12.120778760859057 2.740487918307241 0.48100392504309514
-0.6338753274714938 0.7420030523291357 0.21824780741775365
-0.21303450683571198 0.10376580243296193 -0.9715186250962065
-0.7435178247497626 -0.6623157967767974 0.0922975480220568
11.10114363461959 2.809490803127385 0.5039806314261618
-0.4275320813200863 0.6649927518189191 -0.6123729346200995
-0.8604097854742544 -0.5071470958736348 0.049975322229227306
-0.27733010441504696 0.5482581014082508 0.7889871539272157
10.179041229192752 2.8047830606519457 0.4824233665251601
-0.8940327033998285 0.44447528916151346 0.056103737075563404
-0.31024926361303706 -0.7046007913073582 0.6381868083387477
0.32318865169747685 0.5531536747939003 0.767834847984739
9.09396652887828 2.949705070278419 0.370764089530974
-0.16092361510080375 -0.9575414036533072 -0.23920210694541272
0.9478485999423156 -0.21749435372794554 0.23297681330042547
-0.27511004442676995 -0.18923537816197503 0.9426052969441369
8.14412216676809 2.8300428346160724 0.3822567241451048
-0.21336981540478317 0.9714073613284887 0.10411500932219521
-0.8675097733334858 -0.13937048072267225 -0.47749504299355267
-0.449331969341196 -0.19220397689841293 0.8724431666475613
7.072198151824935 2.7930364997264756 0.414940208285178
0.33299583415070444 -0.7995328159119027 -0.49985904953911614
0.5280712548155843 -0.28105459957766693 0.8013421853828643
-0.7811870831757316 -0.530805578536136 0.32862067397350625
6.074843677174703 2.8978933318719684 0.30439245869305237
0.5545280229740408 -0.8030006704243163 -0.21837307261300512
0.37224857900238756 0.4740583557171053 -0.7979347690505324
0.7442639218371501 0.3611889773836006 0.5617945800135907
5.099768618893519 3.00379662017023 0.33208076152069904
-0.27825072471156465 0.5548442333001308 0.7840430530532961
-0.44823637340725214 0.6469367027747178 -0.6168926796848103
-0.8495056501254394 -0.5230881355114032 0.0686909653815548
4.034995784482169 3.0115941312634136 0.29603190942475416
0.5949493213015703 0.7880708874220058 -0.15804665585415162
-0.566062603331813 0.5504192617720295 0.6136879464146646
0.5706214468785549 -0.2756486874480849 0.7735686679564913
2.988176644523587 3.0956150896068606 0.2525580172100748
0.5096476498015379 0.28242039812802416 0.812709612585044
-0.8554017588720174 0.06481989991771797 0.5138940174777883
0.09245393633715134 -0.9570980319062543 0.2746180381380599
2.1698438214486697 3.0834350269456894 0.21447745683915026
-0.9039444779017336 -0.1510014532145243 -0.4001026293545057
0.2994403193899451 -0.89144855773483 -0.3400799043285693
-0.30531871392391763 -0.42722025221866405 0.8510363872176798
1.1268170010292298 3.0704663053039063 0.2234549814618155
-0.3545651016455312 -0.6870535000168787 -0.6342241627010748
0.5034311133029412 0.4313113945640289 -0.7486841071862599
0.7879347039597082 -0.5847449087447238 0.19295683084242482
0.21226586767395011 3.08328102285875 0.15376496024487776
-0.8268416494667834 0.23491148359914443 0.5110260285076245
-0.5036404039916942 0.09519657479030162 -0.8586524380805265
-0.2503552815705141 -0.9673436334855777 0.03959856338837323
0.140503116164241 4.054419662197116 0.13377853201193526
-0.33339676470616636 0.5139304939773217 -0.7903932909731898
-0.4691104546108898 -0.817638976095431 -0.3337702613426344
-0.8177914291595157 0.259503612537357 0.5136884623876169
1.1600498627870326 4.0562001651817985 0.25550225231621915
-0.5560407950835676 -0.40715806716843933 -0.7245967671525679
-0.4015508406953301 -0.6317054385573144 0.6631025104287103
-0.7277195795088163 0.659674412197817 0.18775912856081883
2.161334086270509 4.161216296530368 0.23632644082327264
0.56170655031059 0.8147209241638381 -0.14392750121400988
-0.4936626359249192 0.1904523705592352 -0.8485424762087886
-0.6639136940378509 0.5476841543406569 0.5091757995418951
3.1191187048386526 4.042497037854335 0.23470597950251
-0.7358396665444882 0.0908876968622819 -0.671027354368564
-0.35961943125610174 -0.8921097380826091 0.273522038898886
-0.5737707081861453 0.4425833161118738 0.6891354313574227
4.074900523158926 4.03673997867404 0.2688876891937207
-0.02382269908654953 -0.9743506801691375 0.22377001010730743
0.9979083289313282 -0.036630307952311945 -0.053259730013704626
0.06009041174549303 0.22203313256459115 0.9731855133678107
4.99719251128382 3.9742330977390665 0.4683111809721539
-0.3248375212068404 -0.18068734086006086 0.9283488939264186
-0.7952892996042779 -0.47905010453314234 -0.3715180298839812
0.5118542773188958 -0.8589897074870719 0.011915289544070411
6.151358363842561 3.93142537936294 0.3950680500934456
-0.8654589712098129 -0.4115043651208452 -0.2857334823966304
0.09261819349492939 -0.6919442479633182 0.715984547159378
-0.4923426551915457 0.5931921089397001 0.6369624274611414
7.084446548738669 3.810179793492723 0.38612706191825574
0.2290022382996296 -0.8811912154309667 -0.4135918147922905
0.6936576313558285 -0.15036421792997706 0.7044350973817485
-0.6829322104289448 -0.44820918203250837 0.5768119644959634
8.124058613893242 3.8000614690814545 0.34918583867986497
0.9735064236620194 -0.19482241772200387 -0.11970003846038052
0.04267224170901166 0.6690898275883546 -0.7419547653826584
0.2246387158371771 0.7171908290386129 0.6596775749943788
9.215687927603968 3.907560897552882 0.35756713087985126
-0.5137213172259759 0.20063334814713676 0.8341675101777675
-0.6442270935742481 -0.7323267728890541 -0.22060830390161945
0.5666219770195102 -0.6507253506014338 0.5054655892515922
10.113596866057991 3.8396687281218265 0.4790487282845318
0.6650229317785754 0.6158305023081445 0.4224875962915898
-0.7430547222176397 0.6023650211743211 0.29159196762945244
-0.07492074475523486 -0.507846799351492 0.8581827693127064
11.071416469855109 3.8063083286412778 0.46721395008063726
0.5685399052559966 0.3324060873851239 0.752507544881928
-0.5113892137317598 0.8593222939362185 0.006779260311599484
-0.6443935294440446 -0.3886781649069721 0.6585486469923336
12.203323686395649 3.8527692762104837 0.34460596456816134
0.5484462267026817 0.5030065976697043 -0.6679748605950351
-0.6885664235797595 0.7249114175669065 -0.01947142251083898
0.474429318916279 0.4706244935512652 0.7439281705993817
13.101313356976318 3.8283216946839977 0.4615778896222893
0.9429385846225464 -0.2869464222354335 0.16889915727278598
0.1809666801885751 0.0158632268990075 -0.9833609213754916
0.2794933156009199 0.957815253434654 0.06688593085380963
14.047341559172114 3.774651708532902 0.4287211573903859
-0.9885257743569501 -0.03665215193944892 -0.14653175074567834
0.14879814203616062 -0.0695381901430851 -0.9864199331503573
0.025964922439145298 -0.996905864166978 0.07419410808309275
14.990781959066048 3.6963543759814534 0.5007146523305002
-0.9543595395844564 0.2287067368104759 0.19206980626579084
-0.29468236831667227 -0.6164889883610046 -0.7301397440614035
-0.04857865741918781 -0.7534151552856069 0.6557474793349253
16.01150866900341 3.617916467170099 0.4908215454410251
0.2609554894998296 0.12782070700979123 0.9568509075323025
0.4498447353169774 0.860897899221467 -0.23768599315780234
-0.8541318290220876 0.49245944213660375 0.1671565889778739
17.072255427173214 3.6456085162637404 0.4554764795606452
0.6514755506014288 0.08318911312972103 -0.7540946937314473
-0.011579231151338663 0.994944831337762 0.09975547239657391
0.7585806566930607 -0.05625645012158755 0.6491452316091976
18.0697726522191 3.511524634025683 0.40941539142634104
-0.17684809725002196 0.025430207131172076 0.9839091924608829
-0.8099241079856355 -0.5717651162306173 -0.13079754590040263
0.559238704702197 -0.8200225029105052 0.12171193199635146
19.038433193201413 3.4189832658874293 0.4919917084592753
0.4074539976185963 0.911281233642198 -0.05955661960149442
-0.59769077254789 0.31541268791074917 0.7370755026939915
0.6904683075103693 -0.2647279823454311 0.6731806738671211
18.98797552474283 4.503403720744245 0.583968362790596
0.6259879263042011 0.7508149345144646 -0.21075034043147006
-0.7352133839650545 0.4781079089550488 -0.48049413752380904
-0.260000667880763 0.45572989395823965 0.8512986293320062
18.04587675379884 4.491414122353422 0.415429269596707
-0.7271822993387902 -0.23518886256935115 0.644896317762493
0.2145942667933615 -0.970274741784257 -0.1118767720579337
0.652039623317699 0.0570361655984282 0.7560362958031325
17.10017415419863 4.619700998364035 0.5376325899422112
0.827743575590779 0.14937604567772497 -0.5408580465600564
-0.024904014175947817 0.9727440939316123 0.23054137452373477
0.5605537862340709 -0.17735996567253 0.8089019579993956
15.971218474735656 4.611570059503403 0.543176178166921
-0.13995691981406408 -0.5108232114423155 -0.8482160480715206
0.6969254757931421 0.5576951882934637 -0.45085620103246876
0.7033530358887127 -0.654244673306576 0.27795206484134527
15.0991888580114 4.694181031833342 0.5710172695836995
-0.7366182089610387 0.6661867472784674 -0.11656949678810481
-0.08408626183335122 -0.2612376843836308 -0.9616046579903811
-0.6710605669140108 -0.6985335734182314 0.24844928789678963
14.11746037430994 4.713654661489711 0.497102887260701
0.8340764125594193 0.4895310745265263 0.2543135581031108
-0.550898473854186 0.7151132123483998 0.4302600948259485
0.0287628187098099 -0.49897057242562776 0.8661411190249297
13.098976696234777 4.6102919621516225 0.3897764108312744
-0.8291136217596324 0.37871280188198125 0.41127482124705617
-0.4198225194988349 -0.9075434435772654 -0.01065545473812744
0.3692141102120817 -0.18149677698480923 0.9114495197559976
12.12863116541912 4.780929258328909 0.44282285630190543
0.6293179767437737 0.7128685636087632 -0.3094763482996268
-0.7652292347773739 0.6378880193131444 -0.0867368056491632
0.1355794670262235 0.29140549111652264 0.9469424634390106
11.070901003953747 4.798405032711637 0.4784137590456745
0.4031402135456285 -0.2690116870281578 0.8747055081906226
0.9150255227084418 0.10348346318980335 -0.38989761280964
0.014369682513291838 0.9575615774646956 0.2878709068035163
10.009023100702073 4.8790766374018055 0.48793558855547814
0.711824622327084 0.6647610205973254 0.2267109245409669
-0.5736118130771607 0.7364953108340204 -0.3585313424723194
-0.4053093010250318 0.12516708934369 0.9055705057658683
9.14179700014987 4.882197842179302 0.481192052243649
-0.7225114169030653 -0.49911005561604815 0.4783984995267497
0.6905395746450484 -0.4873146450919727 0.5344903156031279
-0.03363918574974146 0.716528644906617 0.6967458616278777
8.09761398211926 4.864152397217905 0.44015156537868416
-0.30620250795220866 0.9519651851971676 -0.0007607171718817795
-0.8004886365040267 -0.2570464968269244 0.5414288734257335
0.5152261457285474 0.16639577198257743 0.8407458336980804
7.199387140789738 4.775703803795183 0.3772254593052857
-0.4049941469061922 -0.48510220778563573 0.7750193575040937
0.39005159662434263 -0.8583103542439268 -0.3334113807105707
0.8269458386824855 0.16726709740305637 0.5368256447180352
6.132720148014225 4.8983980756650185 0.39900785554756907
-0.48099737354049454 -0.6175694733825864 -0.6222927213104693
-0.2051262699818717 -0.6108212515813585 0.7647355971259953
-0.8523873480569207 0.4954841717111991 0.16712351091848843
5.121580475424884 4.997904005075057 0.32244709343265016
-0.8129875055580803 0.29676780588719925 0.5009780041493203
0.4444196352953043 -0.23965017964387386 0.863167914884907
0.37622025674821524 0.9243896039036108 0.0629434760204063
4.246236405883326 4.9650760005465955 0.3398015710122371
0.6166994275959554 -0.03966983237636774 -0.786198413488058
0.13533308928436297 0.9892026207360332 0.05624322717650983
0.7754788618676605 -0.14108383373968525 0.6154089965208771
3.088239908841333 4.917659216523786 0.2817884063208683
0.05284865636012718 0.9398055068868361 -0.33759774113958385
-0.9423226028900474 0.15882493413031804 0.2946229468347151
0.33050780745576414 0.3025549191938429 0.893994209431594
2.1464010406423495 4.9834371731689835 0.2711463749805738
0.4404703946165303 -0.7720853747021175 -0.4581143918332525
0.6294324196452933 0.6294448541907511 -0.4556471491063039
0.6401571088966675 -0.0876529011832365 0.763227016703751
1.1442812969771927 5.060274771452354 0.20215973020009012
-0.6802988983016877 -0.6956908207262826 0.23066639910006373
0.5815459928517204 -0.7039013495499105 -0.4078319618121616
0.44609186403538015 -0.14330442779893332 0.8834400275555323
0.1102955241079404 5.095527172593907 0.25962223109098564
0.5844484847515738 0.6629416983327094 -0.4678971887498297
-0.5200558983783445 -0.13659661288793143 -0.8431382646700699
-0.6228648946023334 0.7361038736489998 0.2649331658633318
0.16531178498257648 6.063164213875375 0.2739632093885494
0.164981644050269 -0.28586429778187605 0.9439606774144815
0.5197710064451868 -0.7881909768980876 -0.3295353692876415
0.8382239691141365 0.5450107840532832 0.018547032589425232
1.180498553537939 6.131465216041967 0.295135080119611
-0.8594654624470615 0.5100707712550013 -0.033840451704038696
-0.5035524631324498 -0.8333617982831968 0.22790975702156888
0.08804897261374532 0.21292149397368784 0.9730934315626241
2.1747723287125154 5.992157879330038 0.350407578357667
-0.22115023061464348 0.1206815423940126 0.967744037672524
0.5981950369139167 -0.7669297039687878 0.23233937267274143
0.7702307412200147 0.6302812978328972 0.09741547643144517
3.151758679425753 5.967491321658958 0.38960576626357585
0.7514184020792525 0.648862295687588 0.11977461703475545
-0.2352427456680276 0.4330447118229772 -0.8701337630019018
-0.6164655434111584 0.6256590688792029 0.47803794491406554
4.21188396607494 5.887548890063859 0.41304096907770893
-0.5500305421959454 0.7276253969301227 0.40991013580672897
0.14859845073088748 -0.3977255633628539 0.9053905889572882
0.8218180165973329 0.5589052142520611 0.1106371867561986
5.170953936030573 5.904674162115751 0.4204089693160951
-0.9426896834287358 0.3218831742211774 -0.08790032566778806
-0.10106653208221293 -0.5265106102356372 -0.844140191937267
-0.31799545321174383 -0.7868788307875615 0.5288678689824466
6.19512359838481 5.909816148189631 0.5229989307785115
-0.380264182074611 0.2485959250734808 0.8908414292073873
-0.9073162877813061 0.08654221262600595 -0.4114459051053389
-0.17937930416585218 -0.9647332726585168 0.19264627807465878
7.195405544110544 5.8338730469172155 0.4759125193363433
0.5049593835496405 -0.853544657188006 -0.12836331033604043
0.5176523050929678 0.41847472364040506 -0.7462672946728232
0.6906893700973571 0.31038718250983127 0.6531524581348015
8.135166774934216 5.804992718740103 0.47363514143505836
0.9186906044180992 0.3636780499283662 -0.1540904616780018
-0.3949645274684789 0.8429694441293676 -0.36524701841934265
-0.002939109209446263 0.3964094668419692 0.9180687289214623
9.107945116823643 5.896907393063203 0.48963154407390097
-0.698806796597805 0.0758397439747712 -0.7112778976828719
0.66201067728785 -0.30807306535739193 -0.6832511234482499
-0.2709438909268395 -0.9483349947047779 0.16507702136907423
10.10805441477415 5.919667184669388 0.48791997034217993
0.16559422353003936 0.8734438704161875 -0.4579010510895278
-0.7552266709910456 -0.18627617233963048 -0.6284381501875201
-0.6342017468609413 0.4498853056775239 0.6288016167757534
11.110879542960973 5.810246933428828 0.5114768071361171
0.9675678796480163 -0.2345687188996851 -0.09375174058188639
0.029554460628389668 0.473700289871986 -0.8801898109968191
0.25087548929505005 0.8488732143479107 0.46526956411350207
12.071538826461296 5.819164215415583 0.5072950810993571
-0.8549981512972247 0.19617262356833143 -0.4800986202709629
-0.3599733183400557 -0.8908779613764221 0.27704821881322145
-0.3733600398000867 0.4096985573262247 0.8323154827845972
13.122737381060361 5.730308101802883 0.49577199342493666
-0.2567160357831745 0.8093715955213454 -0.5282172598291143
-0.8879712546687262 0.01825958832757867 0.45953628277856096
0.38158024831436205 0.5870128273003153 0.7140117061213516
14.180986652089496 5.684403470180586 0.5187406524785644
0.911636581288425 0.37757966576194035 -0.16232976713631592
-0.3921522386749675 0.9173418265882128 -0.0685639129464465
0.12302285449720261 0.1261626848888624 0.9843513871661355
15.120855459281076 5.570500659147921 0.5027066403971125
-0.00855009006666967 0.9998096451474281 0.01749543770870117
-0.6126944340849794 0.00858911702271385 -0.7902724768806167
-0.7902730107078058 -0.01747628577272872 0.6125048253733556
16.089377216907423 5.521907242751224 0.5007442565510785
-0.8546688803538189 0.058095656619347236 0.5159121783661196
0.1723406618994543 -0.9056240404874809 0.38748255113897173
0.48973316713217296 0.42008261460395113 0.7639969566477276
17.13661689198114 5.5487758082394185 0.43942303410082795
0.5989578826996517 -0.668122338284093 -0.4414307725544702
0.7898329027859082 0.40206467968278514 0.46314950695263296
-0.13195684596728252 -0.6260642029341011 0.7685248793918532
18.04245026555211 5.56122133913708 0.5065133263213666
-0.7851995961626129 -0.12438160338034283 -0.6066214075592706
0.517720408029195 -0.6693250297173645 -0.5328884829278238
-0.3397446484191995 -0.732483988365213 0.589949073578043
19.024120823993364 5.608897514492918 0.6170884068344076
0.16188750093405815 0.23355226917962832 0.9587727109248669
0.6198092006451166 0.731964066953276 -0.28295667256175083
-0.767872390346262 0.6400635881532282 -0.026261665276680696
19.072727471601233 6.615315632464226 0.6222619471542913
0.2988615935939139 0.4308989672681392 -0.8514732900852083
-0.46160828193895387 0.8461976010873423 0.26620833938410443
0.8352237701225002 0.3134880163803865 0.4518030899410003
18.197794326059206 6.538259878091197 0.5595693816567266
-0.10301130155828457 0.44416565802724645 0.8900023147820533
-0.91457406216345 -0.3940896671878532 0.09081977661504366
0.39108001118606367 -0.8046173845599877 0.44681880899725956
17.157397295903124 6.606042184599722 0.4310017409637047
-0.7962605501682469 0.5703952046856904 0.2015391348133974
-0.6030543092703055 -0.7747940938920238 -0.18978696273035967
0.04789753009565024 -0.27265915052140405 0.960917752027708
16.044846824405873 6.5616757993757515 0.5841663742932901
-0.5109338893186642 0.5230325829564526 0.6821896413913797
-0.04778688849733531 -0.8096488878077183 0.5849653431762222
0.8582903804821709 0.2662785458299117 0.43867143651297746
15.088704350986752 6.690646750375707 0.5944117255819443
0.8386515356242212 0.44369355447483316 -0.31591022211026054
-0.5127586099444277 0.44754223624017225 -0.7326564009166913
-0.18369183088719837 0.7764289918050847 0.602839585962619
14.203335408268455 6.6635956652913295 0.59725541940976
-0.5274344893671055 0.36064535010339593 -0.7692500052072755
-0.4766069206473062 -0.8751421615396414 -0.0835062319861425
-0.703319726141305 0.32258595796380146 0.6334668421229988
13.136174382340142 6.672308551317741 0.6685246170209395
0.24085492596503796 0.8789885957381037 0.4115407830689231
-0.47631810388420065 0.47650004244719013 -0.7389649142431728
-0.8456416464218269 -0.018041130610884654 0.5334462907430108
12.14287712567188 6.751878975225155 0.534816916286244
0.49732273434029467 0.838665028745031 0.2220578152191069
-0.7142593146967449 0.5410882654961067 -0.4439103500890845
-0.49244566433210063 0.06215997680478256 0.8681207068421046
11.104457317385256 6.84389864994695 0.5121620210096387
-0.2213943353891306 0.4420352204830731 -0.8692461267310133
-0.4607482511726502 -0.833015584416271 -0.3062603497314878
-0.8594743362288949 0.3326993475150796 0.38809193071961123
10.177735231696005 6.782963124154263 0.5727428270995496
-0.6764595030516737 0.4759573907373213 0.5620195086871337
-0.43448848757805647 -0.8740788058272555 0.21727080583525799
0.5946608521099839 -0.09721552605852189 0.7980773993955529
9.214099020313554 6.900529602387398 0.48868935280698733
0.6669067965796655 0.3783223790305156 0.641955712637399
0.0777223060644481 0.8215052621038392 -0.5648798911785728
-0.7410768301234696 0.4266162428618163 0.5184633649835788
8.156119431276663 6.89819674495846 0.4999783228477847
-0.6722861386245689 0.710119517072781 -0.209190316076838
-0.2528300839361882 -0.48583457034129796 -0.8366844736620103
-0.6957791874302642 -0.5096014298736191 0.5061600570596823
7.157012378593782 6.824569769817754 0.5204035671976818
-0.2117064366574328 -0.9184497030129047 -0.33411104672083564
0.7091718108188277 0.09086990600411429 -0.6991551639884563
0.672500106858741 -0.384957882651723 0.6321009557310951
6.159679003034411 6.823843451705679 0.55447237878788
-0.3469590335276806 0.9277702724201776 -0.13733296948159965
-0.8363336115579456 -0.3723285007098653 -0.4023903027949963
-0.42445797618528736 -0.02475677377549321 0.9051091877495866
5.236583065844255 6.875747146237374 0.5450487593835265
0.4569784393639546 0.4150667151031284 -0.7866955293356271
-0.6464248973556975 0.7625062485793898 0.02680670630945364
0.6109868560570209 0.4962895055978544 0.6167589819397098
4.265636811028023 6.834134592013097 0.4165224988499557
0.10828981706891239 0.4508060177429249 -0.8860286849439357
-0.8762558518306283 -0.37765921883029896 -0.29924664720848504
-0.4695187716025768 0.8087939904120421 0.35412445052754216
3.2112283416182477 6.915607672453648 0.5278095199933905
0.0441807862371601 -0.9979886798246046 0.04545127815748951
0.6252606830525868 -0.007860372973924607 -0.7803766233359947
0.7791649668751104 0.06289653767083833 0.6236554431281669
2.1614163541923044 6.970762316652823 0.3370604541183939
-0.18801943657748774 -0.8823400894488381 -0.43142176023927825
0.6343853301991603 0.2262357546089073 -0.739170115640354
0.749802483227163 -0.4126663204818615 0.5172071129618052
1.2642373582944133 6.946367346871833 0.34265349872021156
-0.7424344455881365 -0.3676105554213662 -0.5600462394563879
0.6164036975696349 -0.7022684386983123 -0.3561819850272967
-0.26236651891940893 -0.6096572942122008 0.7479854223798529
0.12324208300572759 7.080342667390738 0.29315627074439427
-0.9181168971805829 0.3302476270965199 -0.21908208622467346
0.1577628276752527 -0.20255497006089965 -0.9664791097123286
-0.36355373873350083 -0.9219046174936317 0.13386764900714423
0.22768425921544255 8.124381327024304 0.3688136374428067
-0.3895030677977949 0.9057667822351138 0.1669513298729803
-0.5377625748465577 -0.07649292772911155 -0.8396190644086496
-0.7477289006368013 -0.4168147343433616 0.5168824758926087
1.2733128984072992 7.974989206074161 0.38216313541002506
-0.6549788152323595 -0.4890397235611524 0.5760563730603381
0.5973616034225038 0.13177469354771226 0.7910720621087691
-0.46277556681685383 0.8622494814752776 0.20582419791985485
2.2043541354198073 7.940382642843323 0.43489829853605416
-0.8875155890966565 0.4578690082846918 -0.05168674590194954
-0.3332039142337739 -0.7152215864199184 -0.6143551190603964
-0.3182619339274663 -0.5280281788846006 0.7873345757622504
3.247503164637147 7.88071117634313 0.5832159288135597
0.7035256453019603 0.7025445225229252 -0.10715440736576304
-0.3730914527005979 0.23678840612523971 -0.897069701979019
-0.6048584081340168 0.6710896919720374 0.42870017000649374
4.168805368384985 7.887026403173062 0.5322537399421658
0.2792753007626623 -0.7773738685665021 0.5636429227898098
0.4051593274019058 -0.43678391116676185 -0.8031593432518969
0.8705465357219833 0.45266809647370465 0.19297684287502764
5.195136492276596 7.925872699231779 0.44276342768362426
-0.5278436620951353 0.6475464250583344 -0.549602698218077
0.24281035848690555 -0.5050386097053844 -0.8282387118753269
-0.8138933961542993 -0.5706307079847728 0.1093499383475062
6.171291610547688 7.951773586534705 0.6013498586645113
0.1657529275087963 0.16305742342747373 0.9725933564193415
-0.9415006816608642 -0.26728671172153234 0.20526576124248008
0.29343191048950634 -0.9497213257153236 0.10921477416114445
7.141406164439819 7.878671186061169 0.5692131055822091
-0.5776247441820612 -0.7732993815075283 -0.26145041064632324
0.13402846263284085 -0.4057836054238256 0.9040883498502827
-0.8052241048254547 0.4871823381569081 0.33803519497992984
8.080330270195681 7.910691055633177 0.4848616318964062
-0.07379141989093302 0.008353598667352401 0.9972383970892097
-0.9837568468484698 -0.16468980559818142 -0.07141427448311
0.16363858787326557 -0.9863099909344707 0.020370660818874273
9.255116115524228 7.934674122337514 0.5342394939669266
-0.23227999318621748 0.9694108018454732 -0.07929331391016772
-0.7815218203133639 -0.23454733372237282 -0.57810947551339
-0.5790244063443649 -0.07231401364529218 0.8120965490982464
10.101133868671962 7.95012163314769 0.5346530936788383
-0.8893310161557523 -0.45614218793732686 0.03199016172432014
