1.0 -1.2911957607686553e-18 -2.7925659826592824e-18
-2.8670394429394646e-18 0.9999999999999999 6.875416400082474e-18
5.531191674615551e-18 -8.532450419558561e-18 1.0
0.0 0.0 0.0
-0.47719499182444136 0.6589387421670192 -0.5814509696439955
-0.8751071885627114 -0.2957334167030536 0.38305177966725795
0.08045331582991302 0.6916229190103073 0.717764095147068
0.9061927503499252 -0.0039157847514516685 -0.02879137316152075
0.4952860420131375 0.5820726968829396 0.6448905044471401
0.2963194379259732 0.5846236614574011 -0.7552549651261713
-0.8166313685733493 0.5651608378521397 0.11707720078162329
1.7304453178341663 -0.05352210676909948 -0.009021915147673256
-0.6873476780844793 -0.6740730023766044 -0.270516100552971
0.5694660892105953 -0.7313141937279417 0.3753493553754308
-0.4508455507828175 0.10394577145649893 0.8865293637290094
2.7883802788601684 -0.06864937671990934 -0.026997263873454597
-0.235852325179214 -0.5297471243186326 0.8147029734454252
0.8371025261928593 0.31506670969740147 0.4472047308277508
-0.4935911819783285 0.7874650758882716 0.36914401120999774
3.7665268196074884 -0.022092072983445468 0.0007810208001300083
-0.4499379223501613 -0.5850091313269995 -0.6747743831230226
0.7875659239703235 0.09632243144001972 -0.6086558192141226
0.42106504914532467 -0.8052861903701881 0.41739414871412495
4.773369049768345 -0.06792747979196993 0.14653569154591228
-0.5776206508934442 -0.3882308882020565 -0.718075159030511
0.6206091388656 -0.7802952674403795 -0.07734888949033938
-0.530280863521385 -0.4903224205759927 0.6916550807772743
5.924198146358204 -0.010466968742920198 0.0825180652078155
-0.9213386440301978 -0.03052937968392001 0.3875604868326541
-0.11227172662159404 -0.9335395400899356 -0.34043847048915504
0.37219655233326987 -0.35717161349508525 0.8566794380822708
6.81154801192549 -0.011316482779746936 0.13846012316237297
0.41755388452381054 -0.39770600674195017 0.8169936986674815
0.7386599519867146 0.6721986780182831 -0.050297584070881335
-0.5291787543954551 0.6244833831224329 0.5744479319901127
7.8131908390548706 -0.05185973821454193 0.145617171147496
0.7009714281328967 -0.5034696060906244 -0.5051306311680631
0.5904792317914204 0.0124945017592351 0.8069560926464167
-0.3999668042353455 -0.8639229541747592 0.3060466395816581
8.77850348119989 0.010354751275741772 0.01459076322291709
0.006534167292465482 -0.2524626665188768 -0.9675850196680296
0.5343131867786063 0.8187781221944975 -0.21002781453345454
0.8452616063358843 -0.5156205226567951 0.14024436709809252
9.824035523175654 -0.04845438988140779 -0.011633957239431808
-0.11096353799761319 -0.9925901314084429 0.04950896616054179
0.5060898523718308 -0.013562846265710676 0.8623738441875419
-0.8553125294996307 0.12074770530303848 0.5038459146405164
10.759228145879728 -0.03821184837817805 -0.09639912496841085
0.4407691179549475 -0.4442484231704843 -0.7799785093445452
0.8662044906809414 0.4383836351951871 0.23980874156213133
0.23539497602454557 -0.7813215313977869 0.5780369266814486
11.782016241866266 -0.11438301836202992 -0.02309829410177077
0.3351460792810202 -0.2705885939010565 -0.9024741364275415
-0.45351689021649705 0.7932660394184786 -0.40626400813984015
0.8258328024994268 0.5454452134791666 0.1431442452786495
12.84149854152329 -0.1857623628781603 -0.13630760954834445
-0.644752199897812 0.5537489223944132 0.526931863356814
-0.060176480833613745 -0.7239786396423082 0.6871926022684768
0.7620200799727939 0.41136007703975136 0.500109332878408
13.720895445490113 -0.13819828867215286 -0.14341922312497207
-0.64648043517591 -0.7454911696211272 0.1621910701810131
0.30198055309769545 -0.05481127653676605 0.9517363216689976
-0.7006212361278416 0.6642586265256815 0.2605588489094951
14.721294525534404 -0.15813074119271225 -0.10396128190556043
0.2908268569421121 0.67040726079894 -0.6826226942469613
-0.5826176204408899 0.6900197562576713 0.4294510374163668
0.7589310129765408 0.2728119746952172 0.5912684405530547
15.80754694213551 -0.2200516292373184 -0.2856492303863217
0.6575094507665192 0.7364465489403212 0.15914681971659153
0.06429543986372654 0.15561151996628222 -0.9857228568978397
-0.7506983189413877 0.6583550674612041 0.05496604027661764
16.79689904066141 -0.19298382657937171 -0.3217478622385401
-0.9714698128867298 0.23596196003580835 -0.023830861681557996
-0.2295896024130319 -0.9105027556076745 0.34390724765414366
0.05945087017745518 0.339567021061221 0.9387012127022468
17.866047671317965 -0.22497111790463822 -0.23670292622837114
-0.48787989224140665 -0.8687133532922656 0.0855023151164257
0.8487347093596901 -0.4491936767439704 0.27905713545803573
-0.20401335301665655 0.20871510065583665 0.9564606549585997
18.911168760353302 -0.19779965654759887 -0.21763253353010756
0.2540621140386178 -0.18824617101152316 -0.9486916273888912
0.8704648552769625 -0.38305753577138113 0.3091217910700033
-0.4215943688801394 -0.9043397404162553 0.06654128991357232
18.796621557039156 0.7346726766596956 -0.2172577931969337
-0.29372421665355974 -0.9110255003941653 0.2894111287086515
0.8777780342989081 -0.13718992326415738 0.45900332236849944
-0.3784601677752837 0.3888598421489605 0.8399741677472795
17.816598197175573 0.812971491310622 -0.26524131289362646
0.08227011248049945 -0.9437682725852429 0.32020918495124956
0.6574159275259971 -0.19008619531427123 -0.7291578284221526
0.7490229515047314 0.2704981087296644 0.6048098200309208
16.790381215553744 0.8358924543776072 -0.3159889625343893
-0.8278939225343861 -0.3925801056286688 0.4005892368440811
0.5026361361860211 -0.20235884754156194 0.840479929235423
-0.24889300855707577 0.8971796509848686 0.36485713710962353
15.832290728985237 0.8247899819545885 -0.21222841417925797
-0.899917144752224 -0.26639267661714544 0.3452316409355269
0.29447181039318476 -0.9551716509326085 0.03055689405764534
0.32161538344511 0.12915917359632872 0.9380204111637788
14.759949371136566 0.879729047584297 -0.14471061601982343
0.6893882976320036 -0.18156726219899103 -0.7012684904917333
0.5297297602634702 0.7866683593390259 0.31707755301730933
0.4940958796694205 -0.5900722917159824 0.6385013434310849
13.814498718385796 0.7917714610801564 -0.11268695138480844
-0.6929857926611275 0.20470129729214345 -0.6912809120679891
-0.48046060318761574 -0.8460129517133484 0.23112541214493387
-0.537520273614733 0.49230045591028215 0.6846254760148751
12.775286338562713 0.8764024728301425 -0.13229026517831066
0.6178805746311984 -0.7825435626370348 0.07648364579340895
0.17746853355913947 0.2335635908260404 0.9560082715389975
-0.7659821962515329 -0.577125482403138 0.2831919010337831
11.850158567283842 0.8870028292619697 -0.09916154491989398
0.28928343016731756 -0.6239341176342555 -0.7259619112662181
0.7079478627598897 0.6499061726213813 -0.27646251697154517
0.6443017422443608 -0.4339669844472773 0.6297198954859942
10.842116577748712 0.9866809478998966 -0.10049870176367776
0.8149657630218355 0.5226510769067039 -0.25033508651077546
-0.5538704550457503 0.8295543536761799 -0.0711754883601576
0.1704670876714456 0.1966594130234083 0.9655397334536476
9.799605636107197 0.9513197379619955 -0.12063438105801189
-0.16599765848911124 0.09491487379854863 0.9815474676192834
-0.508836077701797 -0.860858154846662 -0.0028090543278020386
0.8447073796830408 -0.499914094782359 0.19119627350172974
8.826392607436535 0.9624631205563781 0.008509651964127105
-0.5739573545421787 0.09177025909390768 0.8137268219283353
-0.6580777633160708 -0.6430755357510233 -0.39164656338241277
0.4873465486902056 -0.7602844084849726 0.42948994159459164
7.845092473107879 0.9753943162297085 0.0024177698629902974
-0.730826312103928 0.4690723137391717 0.4958458977424581
-0.38023334840841394 -0.8830719250354042 0.2749643803542721
0.5668464088964519 0.012414212331269674 0.8237303515761629
6.740653317071076 0.915240387723539 -0.058267356067522195
0.7783481152033147 0.5758511005136131 0.25013998072496246
-0.5735580847699826 0.8142338096180981 -0.08974477809721419
-0.2553518538770419 -0.07361751018833458 0.964041539645121
5.8946241738239635 0.9452655203785447 -0.015786413774746468
0.8252273122289396 0.33601784878414365 -0.45397428347329927
-0.08704954388044027 0.86984028503285 0.48559202891002107
0.5580532276502568 -0.36120500047845744 0.7470665779913037
4.775276707852772 0.9171895757192087 -0.0012397479897740538
-0.1529445292869924 0.6290417142533794 0.7621773880695666
-0.8850492075401587 -0.4303092170128522 0.17754302519722148
0.43965420786161225 -0.6474099553299891 0.6225461508629492
3.7578312372486984 0.7962037132791961 0.019267675670966725
-0.5461292657010725 0.7950152063673375 -0.26399600104275756
-0.38430973027214166 0.04224366093873727 0.9222372066371655
0.744344646425263 0.6051166476483614 0.28246158163681817
2.8142100469597247 0.9236256506361199 -0.11306192200766275
-0.793404494122926 0.04431065725426923 0.6070798221426639
-0.3169448985570915 -0.8815500503448017 -0.3498772185272685
0.519668105017479 -0.47000590416551336 0.7134698680332515
1.8487847781222868 0.8366801840481077 -0.04883269208101616
0.7958269167908116 -0.2575508741419276 -0.5480210307187562
-0.08808907139215948 0.8461646702038438 -0.5255899497824674
0.5990823885891309 0.4665531029195205 0.6507137300649246
0.9840556710049555 0.9345235353416985 0.14006801401073832
0.35070790307951594 0.3611376544235921 0.8640509795383187
-0.8264425350905373 0.5532970494047195 0.10418703878746116
-0.44045099887835804 -0.7506274483019404 0.4925053309193565
-0.07319596023084528 1.0097519412360347 0.11192294475151902
0.8859324200563249 0.2865683144986452 0.36469516783844247
-0.4111526635400896 0.8491270583445301 0.3315654682394672
-0.21465625265684576 -0.4436909714330005 0.8700928902706903
-0.1747384755147235 1.9944076642021598 0.08873164994389103
0.2821845889406228 -0.22867735611175302 0.931707319185619
-0.5850732248207121 0.7286463203604605 0.35603848963254847
-0.7603040726179937 -0.645585896796274 0.07181942624391356
0.9199188175271736 1.947794147786343 -0.03324972228683869
0.8679531691931242 0.200525911203855 -0.45436403174045176
0.22488759745109807 0.6570126947042992 0.7195551150914629
0.4428129025763546 -0.7267214850336138 0.5251604552402416
1.8704598712669687 1.8535496509029008 -0.09570774406236725
0.5106829182912572 -0.829253295566467 0.22702886192411034
0.8339808071484266 0.41359505318648715 -0.3652589810694808
0.20899426429202034 0.37586932062923806 0.902798445144491
2.870445136987328 1.9131211708427145 -0.13813024732784235
0.8710480892172219 -0.2748026423983421 0.40713522204175967
0.45353632120053033 0.768238923330326 -0.45178818192294623
-0.18862437495465686 0.5781800213540104 0.7938066474092397
3.905148979524737 2.006303370487464 -0.16723142890201248
-0.7546142225917845 0.17129464413809703 0.6334160756201443
-0.40884697393156666 -0.8777789384769943 -0.24969730425044256
0.5132272891909432 -0.447394877597783 0.732417431559999
4.833748106724224 1.9161232366305465 -0.07600589550973558
-0.6791844923570873 0.31380271173227314 0.6635030258885198
-0.3010933568611056 -0.9435498068160181 0.1380415791415125
0.6693666276202409 -0.1060210758878739 0.7353283498858675
5.831558745750789 1.9000957602102866 -0.09996389554758572
0.5519590208709159 -0.5435877724191784 0.6323396944723549
-0.5053758391768473 0.3851119538443325 0.7721936772730524
-0.6632766844267116 -0.7457893167533644 -0.062150791876215555
6.812932710571071 1.8547577998305662 -0.0850067797609342
0.7221868286830259 -0.45684323313702935 0.5193657685330354
0.6556076172387142 0.21272318383208383 -0.724518297632475
0.22051027901083078 0.8637380138969332 0.45313639954931295
7.8267279062718735 1.9124469467430258 -0.01920096935397919
0.03131900468564139 -0.553349691840286 -0.832359430410373
0.8315463853390163 -0.4476304793848017 0.32887212112783765
-0.5545710602595143 -0.7024464632783356 0.4461170410599312
8.805683292030029 1.8646193409660927 -0.09077527511225116
-0.3071771579779448 0.8656880742814855 0.3952557920171764
-0.5739594948730641 -0.4998219093658647 0.648650437629585
0.759086606817895 -0.027610522340179845 0.6504036318427554
9.87863890774174 1.8757385593648275 -0.15516359139743954
0.36805197510145177 0.033969624352834626 -0.9291851273999501
-0.9247302921040961 0.11763847215395368 -0.36198671672766586
0.09701081794308959 0.9924758465843577 0.07470956436256083
10.924776680925511 1.9479465309031274 -0.1491019725989463
-0.968760508341364 -0.24448301196685154 0.041610493022842525
0.08368170794755023 -0.48019720043204334 -0.8731592703537461
0.23345398330195408 -0.8424007814121415 0.4856550703355007
11.8652591274763 1.9031220556122026 -0.12248623801157256
0.7317963216930535 -0.05826023242977745 -0.679028487599961
-0.5828352795644661 0.4629087745238494 -0.6678452127173389
0.35323746260184236 0.8844897071825591 0.30479897225956776
12.867071230768625 1.9452551111956016 -0.1798315028733363
-0.8991680555270137 0.19524339841817495 0.391633546399206
-0.2702485234976954 -0.9516494373993133 -0.14604400985231028
0.3441840149457162 -0.2371571216998179 0.9084572808241568
13.851437847657442 1.8201724101084502 -0.13995054502690207
0.11943831370448241 -0.8674643973956561 -0.4829485429483014
0.7595667738732264 -0.2334149953225673 0.6071049171766616
-0.6393690346993359 -0.43934306507757415 0.6310186078119019
14.75793008649401 1.830111304417223 -0.27159589088292174
0.5883635538440809 0.8085960071258491 0.00032773813149359417
-0.6556771787041396 0.4773310542092413 -0.5850142025853149
-0.47319728244652326 0.3439864853095374 0.8110229400751907
15.732261148326646 1.8197418859941024 -0.21579762243781375
-0.10916771469532599 0.706489197438861 -0.6992535569287355
-0.6426620363773963 0.4864978686730781 0.5918650225022772
0.7583324541956568 0.5139963455144773 0.40092453603832867
16.757277319411497 1.7531207327387268 -0.29326259565715407
0.46557946107170034 -0.7909045564930334 0.39712294014108457
0.6744086093264267 0.026502416356513736 -0.7378818058725893
0.5730697636702892 0.6113663420115248 0.5457320278163746
17.737058434496472 1.7721096312982174 -0.2643060707421723
0.5949696794769308 0.7395426420665416 -0.31478307980709364
-0.3956908288345908 0.6104048690453302 0.6861737771930445
0.6996003399852461 -0.28369513363454035 0.6558025698015904
18.822992465510502 1.8166625093228523 -0.2892919832462906
0.6697030700075579 0.6057479077753088 0.42961379878523176
-0.12228814551726847 0.6605592376390544 -0.7407477551592042
-0.7324913559824545 0.44354356463994404 0.5164539433398927
18.824379085627836 2.7941491119625503 -0.309875805968427
0.7475086411368373 0.5766117280476163 -0.3297709728294716
-0.2868262085080948 0.7279768140336188 0.6227203740885289
0.5991337942029775 -0.37090210568440274 0.7095570278197046
17.84851903969399 2.7828743158664047 -0.3092889107507099
0.4532020591521235 0.7029234686770018 -0.5481848193327923
-0.8784246057206471 0.45674330182143746 -0.14055161774756614
0.1515825568424923 0.5452372691366184 0.8244632588863902
16.82847394253629 2.7908129553110887 -0.2604626382217089
0.4946566036340309 -0.8635184412161362 -0.09823556344758336
0.08784752506818166 -0.06277426725418721 0.9941534292864875
-0.8646377269766581 -0.5003944756506592 0.04480620127061493
15.843755268230447 2.760783361607513 -0.21846099020771148
0.28930937989019007 0.6020946167889126 -0.7441661653362756
-0.957146839919457 0.19249977876009242 -0.21636179056595717
0.0129822608908506 0.7748717630679671 0.6319855718531586
14.810513410584738 2.773899440533707 -0.1452580300912933
0.34360941269434486 0.1917337325181739 0.9193319606934274
-0.8913836005150408 0.3747023585464311 0.25501600594135004
-0.2955809277816098 -0.907103195820751 0.29965936172832836
13.855790786867132 2.9217086361689457 -0.13533056352048686
-0.8960544845856918 -0.40327488966146186 0.18562488380467076
0.4354551126631111 -0.7170244414269101 0.5442920984021138
-0.08640156206586297 0.5685464995658652 0.8181010591861434
12.844746219118477 2.9152039064706163 -0.10260445688244546
-0.5827678478284769 -0.3216886274384549 -0.7462566318787376
0.7888908238257621 -0.0035691873466297402 -0.6145225111195769
0.19502099670437495 -0.9468391804146928 0.25585778579956703
11.902107690686424 2.9425601440351588 -0.16659022546542593
-0.5452741553249375 0.1786607927589362 -0.8189975080748646
0.48882320541554586 -0.7259339357123794 -0.48380878175144687
-0.6809755789642685 -0.6641535214782848 0.30850047284982773
10.848054081278288 2.907872639683046 -0.0955306931375631
0.7658504541781149 0.10880464644100324 -0.6337465297805771
-0.6430133222918616 0.13346532649001583 -0.7541353697126334
0.002529702620167545 0.9850630388845382 0.17217748412625317
9.952359911563772 2.878268063104475 -0.18637900490450962
0.7643255671939643 0.25347276695988963 -0.5929236189455098
0.2681393509270722 0.7113017427822256 0.649730797075599
0.5864365335675994 -0.6555919233489093 0.47570034529979993
8.84369080313461 2.826333187181714 -0.15202859648477615
-0.7605616986678753 0.3750426857994124 -0.5299900380673584
-0.37341513602631454 -0.9204488931952834 -0.11547855249284422
-0.531137947540775 0.11007786662789336 0.8401043770484782
7.765967408032541 2.800012241453806 -0.08719053031663294
-0.5122525902773902 0.6109139105403569 0.6036397168463696
-0.837046766927903 -0.5124493969415391 -0.19169911721342428
0.1922226415391096 -0.6034737003836088 0.7738667486623522
6.911093719250325 2.8673250077298773 -0.07941482549622268
-0.16673646653651553 0.9841903834220257 0.05972887205203579
-0.5469074743409563 -0.04191007360068753 -0.8361426612626841
-0.8204213705560368 -0.17208192996078686 0.5452489609809368
5.79505866898001 2.9011987192222612 -0.21639205933888167
0.3743211393502881 -0.7226895944223203 -0.5810367656989821
0.9212984212776308 0.2186721243083888 0.3215452995310123
-0.10532086041712213 -0.655669727699337 0.7476661198173435
4.821271139379106 2.8646834951739515 -0.15906607696495578
-0.745785779512775 0.5089284558513287 -0.4298781783638507
-0.5058494714831219 -0.012720078786689999 0.8625273190275622
0.43349670165733944 0.8607153325943397 0.26692800060573485
3.906302525873574 2.950960060442499 -0.1594508143885422
0.8668831906696081 -0.36425381472042173 -0.340342308921674
0.4944664635447658 0.5414863560120181 0.6799217739257952
-0.06337290267255735 -0.7577020795574241 0.649516788571248
2.822498449123116 3.0323499216990255 -0.11464364759523785
-0.7630884682154564 0.18436825827428188 0.6194392732338778
-0.06424767055714226 -0.9753389066196668 0.21115057323696462
0.643092563005932 0.1213298665728527 0.7561161374842046
1.9491458564395006 2.935853202864196 -0.0404179004075258
0.5336647650860131 0.8411486150789942 -0.08758329215370017
-0.8306153484481136 0.5408002652528098 0.1327129642505014
0.15899625008080345 0.0019238865636050358 0.9872779668022286
0.8004757162270798 2.857818255747514 -0.03166805218106011
-0.6491273226376594 0.2322444144713384 -0.7243597179691704
0.1347620446127057 -0.9020788653525311 -0.40999022917890776
-0.7486484943736773 -0.363751952476012 0.5542664629794785
-0.20710334518138176 3.0081635054632443 0.1369201532125276
0.10950167701500269 -0.7231023028421779 -0.6820064108033196
0.9872816036392994 0.15867898801836547 -0.009724272339222182
0.11525181955966043 -0.672268359511228 0.731282228632166
-0.17969314187819366 3.939777650541354 0.061030786470907344
0.27502736262699073 -0.673663501138442 0.685957652876137
0.8675299697364451 -0.1336577759951544 -0.47909009335705716
0.4144294501553783 0.7268517720721173 0.5476638920465237
0.7705027182659562 3.904278786786165 -0.04324133147151407
0.12407131452603053 0.915440563232362 -0.3828515443966347
-0.6527061820133189 -0.21531611373678483 -0.7263693102467003
-0.7473828842243484 0.34001212506047046 0.5707993017543957
1.8601425060571182 3.9156413829635257 -0.08538816707121913
-0.13214015433840778 -0.3390906824802149 -0.931427487722937
0.9046215724764217 0.34287956642341116 -0.2531645336240585
0.40521299696453156 -0.8760430297316318 0.2614409868080447
2.9134196277786977 3.9929389702135585 -0.10571773745565138
0.5011366340525116 -0.5511906650936568 -0.667121517413892
0.8650630964153193 0.29862339910836816 0.403099195896351
-0.022966773656743877 -0.7791102680086264 0.6264663950194845
3.9149730854123588 3.991714228380321 -0.11997629066042334
0.3334752680373944 -0.940091373817726 0.07086244023628106
0.42973957550238995 0.21848059087377011 0.8761220569772257
-0.8391173986507557 -0.26171299769384593 0.4768524078320128
4.852357348136647 3.9714232853044003 -0.2636276411333304
0.43805190193009486 0.19610707898824706 0.8772980955059577
-0.8968717998209635 0.1616445957989956 0.41169230428677067
-0.0610742455451559 -0.967167690410418 0.24669216984511103
5.7903589819787085 3.861699332923021 -0.16427357347385754
0.9297965913549505 -0.36720681194338967 0.025268744495806048
0.36651599255743317 0.9299856151233717 0.02816316466117533
-0.0338413101324817 -0.01692462267537771 0.9992844316631676
6.7921052268875695 3.8389858337731413 -0.17860154547478369
0.96737001847544 -0.22103153541380607 -0.12385981297917899
0.024863066430235857 0.5693020293997416 -0.821752340522522
0.25214708154962856 0.7918591525984446 0.5562206443004021
7.867709446821787 3.892955121066705 -0.18128164239105604
0.02187026570658144 -0.7837476823540283 0.6206946226788947
0.9151287616396057 0.26568476509673683 0.3032333434667684
-0.4025677712364907 0.5613842992525936 0.7230403168879187
8.87973662446039 3.821512018283932 -0.1453909736055494
-0.14966339470189 0.8807128937291656 -0.44938458330606085
-0.6855077316206029 -0.41995688343198284 -0.5947392410127084
-0.7125166009898491 0.21904665178936933 0.6665871407398982
9.959302374117959 3.804045301521192 -0.13648832394239135
-0.8347267257979372 -0.5169723454744586 -0.1896604554533479
-0.15910777136572105 -0.10330408361621063 0.9818414005645429
-0.527177136737678 0.8497462272639935 0.003976649776003181
10.897949182835912 3.830070358837651 -0.1308096792169625
-0.4742577925969686 -0.2893487388265674 -0.831478893450878
-0.49058840152243255 -0.6973644622404007 0.5224985861922122
-0.7310283793556447 0.655713150536295 0.1887787826225564
11.8011991845515 3.938906943581212 -0.22333958646838398
0.9989040190865313 0.04674250371644624 0.0023900125186787978
-0.03735747027341409 0.8270237478069868 -0.5609243411342181
-0.028195609221385583 0.5602203913859298 0.8278640058469005
12.852370098921556 3.9084165706667653 -0.18289540763267687
0.8033339282070436 -0.4573859779751238 -0.381381979610233
0.03284821691859983 0.673466434520405 -0.7384870102562032
0.5946223299474263 0.5807249628940927 0.55604305203124
13.900378177074444 3.801346470015979 -0.21856803839345892
-0.5287841617427357 0.478840261003633 -0.7007849049995758
-0.8331875183314612 -0.1354378565437607 0.5361471797204463
0.16181615328470605 0.8673926181352078 0.470581594002064
14.840233214180452 3.777831120534992 -0.27693889566617225
0.06527961824666792 -0.8483820243963747 0.5253446398689345
0.6421559878884209 0.4386858477748942 0.6286413002871326
-0.7637900359715712 0.2963153645436146 0.5734307698653739
15.888806897330353 3.8176824368282904 -0.23601045789653882
-0.1093764396651659 -0.8130222507439262 -0.5718666201213888
0.6080141595206228 0.4004128441532082 -0.6855563394793511
0.7863559448621306 -0.4226869510200917 0.45053408035065257
16.771916043555862 3.795152171473185 -0.3323771020760222
0.6331550225481204 0.11887090889782884 0.7648425298027864
0.507246894534323 0.6826536168744793 -0.5260085996057612
-0.5846504778049211 0.7210088480855006 0.37192784575514704
17.748458739435442 3.8064151315537664 -0.2351188964430008
-0.719720673146144 0.674386066281616 -0.16494238879618872
-0.1280007225553195 0.1046101504615282 0.9862408589102588
0.6823628288140857 0.7309306565530096 0.011031832250487855
18.904069079200198 3.780561901162259 -0.3425779707766818
-0.19546994482745642 0.863076067646623 0.46571468634762475
-0.818088269116725 0.11839097356105413 -0.5627731810919108
-0.5408524503411779 -0.4910013445211323 0.6829312775810078
18.861719936601478 4.680634972026579 -0.35764115096439186
-0.5345384965037335 0.7531102548070846 -0.38352805719394645
-0.4558211504854892 0.1252359166045696 0.8812162465478189
0.7116854911278905 0.6458645670692563 0.2763408916385909
17.827042116320857 4.857043555614746 -0.3141570723582329
-0.48676989929919917 -0.8486732049541065 0.20690369892044674
0.07298263906247823 -0.2755427235166408 -0.9585135675934079
0.8704767748425988 -0.45147577824843294 0.19606522434858994
16.753735217979138 4.89804833800279 -0.28176910937830146
-0.384778761431453 -0.5722183239425978 0.7242323210901805
0.904873987081633 -0.07908390932927718 0.4182684846045399
-0.18206586890576246 0.81627969756664 0.5482156380734425
15.803468709879787 4.9175695730816384 -0.26038218454431306
0.9017697684883712 0.15743034975149575 0.4025260382762047
-0.1627964382063417 0.9864336953032175 -0.02109174481026064
-0.4003866686840366 -0.046510148971079183 0.9151658592575463
14.806713842519175 4.861153984903486 -0.2701513777008637
0.5734825265617968 -0.4796026520895746 0.6641533912410955
-0.5141536991099752 0.42044659365917003 0.7475759070842336
-0.6377803050988586 -0.770199465928233 -0.005470553285141301
13.915623274875568 4.788942217144859 -0.24078095209679254
-0.1892298091474821 -0.9060164613353004 -0.3785853547720735
0.9786489424789424 -0.20552010992703726 0.002680856003316871
-0.08023558963400353 -0.3699953262043459 0.9255622014141365
12.828674726218074 4.848434515414086 -0.24142862697193257
-0.5655432009477194 0.5352851375744213 0.6274004937735909
-0.6869260134363417 -0.72672692126174 0.000828083786092233
0.4563925280136087 -0.4305088815024965 0.778696868769755
11.92652934087402 4.881142675724204 -0.20472232900847726
0.8343738480420788 -0.2660655422920758 -0.4827309349002071
0.5350594094772231 0.6013403481060331 0.5933812223515998
0.13240660072263238 -0.7533921896517078 0.6441033938859803
10.7766860530918 4.870429670498679 -0.24237549163852273
0.5267480602924631 0.3200802138673987 0.7874545609201585
0.31091545591840036 0.7896470584779004 -0.528950631806716
-0.7911179416049665 0.5234557629007929 0.31642807172160076
9.829230461917156 4.845898898413249 -0.23158509993555715
-0.12968747544083825 -0.13016174675084533 0.9829743527909817
-0.5317977726522911 -0.8275755072172323 -0.17974634149146404
0.8368828856390814 -0.5460550181081861 0.03810650832931847
8.945496145506262 4.867482197124732 -0.17651974034579931
0.5835687358972945 0.7130967058177384 -0.3885104816765595
-0.030458999051482003 0.4973083214611047 0.8670390420174191
0.8114925838721933 -0.494143822192645 0.3119338473648258
7.972360598218535 4.856428308530629 -0.18656960558996027
-0.8596499785452865 0.46623953280337843 -0.20885909397189747
-0.5071311301144561 -0.7293098162110722 0.45926521247919666
0.061805107646501815 0.5007271600294382 0.8633966161156735
6.808328653559138 4.834228485648299 -0.2731561340962154
0.1317607691988872 0.734232405455575 0.6659897922601652
-0.8836230385177033 0.39149420089523834 -0.25679144904353923
-0.4492751060075441 -0.5546494774303277 0.7003684793084388
5.811223361143435 4.957074446729552 -0.16836563390581538
0.1415105721378712 0.6788917358976829 -0.7204726957135732
-0.5574225128986207 -0.5468025696979192 -0.6247292211453833
-0.8180798572486823 0.49001365885874754 0.3010518732370823
4.95263534062537 4.97148781059571 -0.12791367900494457
-0.2855199725591399 -0.9489013147764495 0.13440344629840872
0.8354991067737527 -0.3151553400316485 -0.4501310091466042
0.4694885403819252 -0.016227287535938002 0.882789927055057
4.0036904735919805 4.945236620901614 -0.20410011666073063
-0.020683951337867497 -0.9907467667923099 -0.13414260482640997
0.7556492627907291 -0.1033450237720298 0.6467718946566285
-0.6546496904404246 -0.08798650970186359 0.7507940303374193
2.8346147012764886 4.977140172907034 -0.16586779399376825
0.08195117676389575 -0.1293825067145736 0.9882024041582825
0.9364385517102755 -0.3293834099977301 -0.1207835249555735
0.34112477425908744 0.9352899319701693 0.09416582703160918
1.8883118835856467 4.908087463733904 -0.14130948520435868
0.6644371387874706 0.555098378974503 -0.5003895442917565
0.3081696289352508 0.40647885656751787 0.8601200302660926
0.6808485492204517 -0.7257007924528305 0.09901521345204083
0.807183552571556 4.890920365040982 -0.11032272876586935
-0.014373429825880128 -0.7206962030155517 0.6931019899753874
0.9473058593047714 0.21202855886444333 0.2401153640987809
-0.3200080481271199 0.6600304892554034 0.6796721940357614
-0.2084838767494892 4.858062969646262 0.02081130611594975
0.6000263452464687 0.13566848694112538 0.7883924107455649
0.11352955977834069 0.9610984795659603 -0.2517925050309731
-0.7918835353489102 0.24058803590963196 0.5612822157225765
-0.19125901449011987 5.921007776919972 -0.11562236497552594
0.46478648342600115 -0.14834048687655882 -0.8729084800302306
0.5866760145677093 0.7899878191817225 0.178130819422993
0.6631623907887738 -0.5949070719701159 0.45420377201069434
0.8974093105985815 5.97457005174904 -0.21077095644706367
-0.20895006405133099 -0.3598303572146078 -0.9093200966361977
0.9062682232715371 0.27812985899648723 -0.31830866180401524
0.3674457484479815 -0.8905987725207871 0.2679881610634396
1.9317784549981192 5.92336491297874 -0.1552164455444691
-0.0628312137826223 0.41473227634700793 0.9077717485231596
-0.9222454928071551 0.32352749279984 -0.21164260198698173
-0.3814644872652971 -0.8504867165806477 0.36215735703653507
2.930143297539522 5.984696483912812 -0.07937059347806785
0.032775358797129436 0.7777345529424725 0.6277382584229005
-0.6781432992017191 0.478683943772399 -0.5576579712314614
-0.7341980542016064 -0.4074190367810201 0.5431050317384777
3.904197710771292 5.922275952242182 -0.16372392855470488
-0.7900635952131431 0.6023587299122212 -0.11385446178524714
0.05163435995725015 -0.11967719519061419 -0.9914690400848344
-0.6108468474478789 -0.7892032050424269 0.06345073039974519
4.881358436731712 6.091860590669251 -0.3058194396088871
0.42032976657328036 0.5470971615734642 -0.7238830596942345
-0.559910987915409 -0.47139176012265904 -0.681387178835964
-0.7140178766592763 0.691717790376307 0.10818593976452447
5.793601614520078 5.926262499698198 -0.27693069870177045
0.6811358547189127 -0.7226879332289444 0.11737133055103088
0.2942634337027313 0.12342588261290144 -0.9477205646529987
0.6704197454701946 0.6800647508720782 0.2967305101845784
6.833780453405975 5.942878088418003 -0.1727686076220325
-0.026914519633647455 0.9115625338544605 -0.4102806473337682
-0.9968566985783494 -0.05506893800150747 -0.05695817000815688
-0.07451450987439989 0.4074577202573308 0.9101791936560775
7.975500575929354 5.888905005050837 -0.27316419589294505
-0.042404241100635065 0.9964636029365185 -0.07254871708689958
-0.6196870491637342 -0.08319058808621824 -0.7804271503365454
-0.7837028146521482 0.011864031406639343 0.6210227700497332
8.858422976581839 5.879602556886929 -0.31349742473988196
0.8313829420105757 -0.0364952652566299 -0.5545003010119998
-0.3813456340170931 0.688331989201615 -0.6170684316186996
0.4042012241464679 0.7244768080783459 0.5583511077212616
9.834814134532504 5.687709601366736 -0.34778303049723897
-0.6725556525036218 -0.014026236007584998 0.7399131006650923
-0.5927941073248191 -0.5883148533244336 -0.5499821766177972
0.44301656871185957 -0.8085104519902627 0.3873597400759171
10.936569003718375 5.841368385373185 -0.33006538987821044
-0.7202465313488267 -0.631673039528301 0.286765459724271
0.6058320163198188 -0.7741223141053396 -0.18357884743909472
0.33795393110528144 0.04151012091358977 0.9402470049815783
11.871052464100565 5.898271839221675 -0.2604233341691452
-0.32522600862014156 -0.7976877831712165 -0.5078601124537638
0.8896230962231738 -0.4401844172430041 0.12168997017327318
-0.32062257820773993 -0.4122271086839587 0.8528014891395748
12.926065660731172 5.893178918421612 -0.23969987292792372
-0.06520165030836791 -0.34773414998667174 -0.9353234236284805
0.8379834825252811 0.48982707048813323 -0.24052360983453405
0.5417849106551192 -0.799468839584128 0.2594580181486329
13.875467128530117 5.83241749094647 -0.2704774659822523
0.37205316391164467 0.4422839964056476 -0.8160648889837175
-0.7903049067337363 -0.31016300651186834 -0.5284089074527172
-0.4868204418924771 0.8415366186984687 0.23414233290037756
14.77171193848998 5.854476786389031 -0.3145574377637924
0.36848405765309494 -0.810466969857783 -0.45537035709592916
0.87013329853261 0.12826002229522532 0.4758323658685371
-0.3272415540993917 -0.5715699840823601 0.7524763699794839
15.876336767814397 5.919755751496875 -0.2576787054053849
-0.7156223476359508 0.6974541683008528 0.037987465194801374
-0.5818634874658656 -0.6253421704434314 0.5199809344123995
0.38641794954117925 0.3500065914067378 0.853333007840685
16.869954541036368 5.826402733597096 -0.35373550145932064
0.34549278340446965 0.514663516596706 -0.7847012897449243
-0.8882828273513734 0.44902226770824716 -0.09659756999243051
0.30263321684942984 0.7304112860179929 0.6123016245860621
17.86778347757869 5.793766873656307 -0.25593498692854977
0.508204760329575 0.8602442761245906 0.04133469535199419
-0.8412350923080164 0.5061130623868805 -0.19018984602863345
-0.18452968314419302 0.06188294989294636 0.98087706214837
18.798924313915823 5.779142939249974 -0.3445606897863153
0.6010803506908405 -0.5747629248042257 0.5552929124495044
-0.29021432102802686 0.49041134878224585 0.821749343357571
-0.744633189357389 -0.6550913527502419 0.1279718899313563
18.98990859220588 6.68854154719108 -0.3397598383648981
-0.5893914379366922 0.5041316076107607 0.6312438050622851
-0.5879255923940436 -0.8035725341846196 0.09281284594157774
0.5540408504123828 -0.3164212712857027 0.7700109789079366
17.904989536072375 6.655025102504774 -0.37155620317266835
-0.18473385062054792 0.9579581386193574 -0.21952206312594996
-0.6175185962588549 0.06062513710415277 0.7842164589884396
0.764555172191788 0.2804300968232431 0.5803579564291503
16.875504926484034 6.8211927448767815 -0.43000712294119764
0.9229696088388272 0.383572749202761 -0.03159415475624927
-0.19226128525280445 0.5306227283204717 0.8255152465980948
0.33340999645651226 -0.7558520471513512 0.563494862122025
15.834514908946701 6.916096111494027 -0.37036040307014356
0.27989473652803437 0.8619272542034787 -0.42277683780810377
-0.7720646281259356 0.46382991902102694 0.4344853412845289
0.5705909775556788 0.2048011146559897 0.7952879471053881
14.83386369818995 6.830134529290503 -0.3336688236062501
0.6205063082819708 0.7326364983814486 0.2796721216031678
-0.7522238415319682 0.6568683837196421 -0.05179618809185058
-0.22165572560040483 -0.17823672930172357 0.9586974009121939
13.902743782837398 6.813483262463003 -0.3810857611463673
0.6987130422579734 0.2240124849610066 0.6794252816107118
-0.6255060993858734 0.652197035629819 0.428228323153897
-0.34719032002409334 -0.7241944854086958 0.5958207739581544
12.845158479939037 6.872129961546834 -0.31393588516991144
-0.4360200044748597 0.8964785011395597 -0.07882438922047323
-0.7916277609619987 -0.3404108289145255 0.5073907468505077
0.4280323117000838 0.2836318855055959 0.8581033117498538
11.889361582128439 6.8820412762449585 -0.33149793186174525
0.6131870383534094 0.743078963403903 -0.26802074660739933
0.048583102186115425 0.3031752700595429 0.9516955130993315
0.7884429482618245 -0.5965888849238035 0.14980221268401434
10.89821728911702 6.880051550201971 -0.3314926175339675
-0.024571604561823997 -0.36527016398153184 -0.9305768384416478
0.9895023782815274 -0.14148661486763006 0.029409008350366174
-0.14240683133971843 -0.920086977562748 0.364912372589911
9.825815938841934 6.874072208092488 -0.3643815026080827
0.6214711380372849 -0.08468433331343736 -0.7788459931907233
0.03257443791853909 0.9960733708151556 -0.08231116953761143
0.7827594961020097 0.02578349679568795 0.6217904672089443
8.854810686671705 6.861635538295181 -0.3468802844122471
-0.3405889113593005 -0.7501742531401248 -0.56677880831136
0.43860231972580627 -0.6599777148870055 0.6099647493549222
-0.8316418231114211 -0.040842849588535804 0.5538090236775289
7.801985445479213 6.7562017334614834 -0.2540775653695083
-0.8277179448960478 0.4217172900703241 0.3701857691967134
0.3342611902430604 -0.15934132697058853 0.9289128547364589
0.4507248725611763 0.8926169445303737 -0.009074231424479839
6.782968541524603 6.892323524834138 -0.24776378675796334
-0.2905601874219842 0.6787205669147593 -0.6744728664849213
-0.45681826042867457 -0.7177608571817358 -0.5254859690832925
-0.8407688519818359 0.1554263489528473 0.5186054424145442
5.771198153128869 6.906532375135545 -0.26068727072391734
-0.5635054702022639 0.14521062242464985 0.8132501455485872
-0.8159019029017103 -0.25212410247875816 -0.5203243799164058
0.1294825432784023 -0.9567382588715937 0.26055073090966896
4.7356271913163095 6.816631248545903 -0.23446154234318062
0.5387859590047754 -0.19252351551406113 -0.8201488314664089
0.7218125901185527 0.6074859505508993 0.33158261519100046
0.43439158461043986 -0.7706465603483162 0.46627112223925976
3.848350241868568 6.841805072023511 -0.28074928998492993
-0.6030772726103563 0.6031947651841797 0.5219715291660946
-0.43132098971368155 0.30386223882887303 -0.8494873763667401
-0.6710142222793353 -0.7374445149839244 0.07691872530977421
2.7823648224441957 6.925162428070776 -0.21211882342760507
0.8548798467534476 0.22980173844609886 0.46515722391066355
0.01684511675090481 0.883790858939188 -0.46757771795137515
-0.518552180149645 0.4075581894486114 0.751664630645042
1.7783640232287683 6.920316410888208 -0.2677439634550284
-0.31994986115496477 -0.4095034968369816 -0.8543641882747177
0.7736771673366114 -0.6334273553101497 0.013872673891929812
-0.5468594444362127 -0.6565645064986613 0.519489089581332
0.8674783198103838 6.9372721415493945 -0.1756132555594241
-0.8172185162702834 0.5760979473974938 0.016303372313412858
-0.5352366900022071 -0.7691373463616866 0.34921256202070106
0.2137204528194031 0.27665680663187164 0.9369020960627467
-0.10892695085531862 6.943575792396413 -0.1509950875443397
0.37829867980281434 -0.6868830368045457 -0.6205489015945314
0.8854396619360902 0.07299247359510716 0.45898665195292804
-0.26997513842011395 -0.7230926261283147 0.6358065356153726
-0.09645223730068919 7.862783098601205 -0.17234662371009885
0.07489994844866597 -0.7357679284501811 -0.6730796055450401
0.9455338187319814 0.26682807660614977 -0.18646127241487595
0.31678833365288445 -0.622453833846229 0.7156795807106042
0.9097006553806336 7.978170862940886 -0.1981009547445658
0.2550113168244312 -0.07520101704504754 0.9640094440455492
-0.8167870820430692 0.5168412492048428 0.2563847480259338
-0.5175206079889662 -0.8527721622835444 0.07037700496238872
1.8342830313924519 7.93920299651375 -0.2603210257142005
0.47008300688487464 0.10825262903404974 0.8759587697129139
-0.3449669229197482 0.9360417268262756 0.06944846009293171
-0.812416655774635 -0.334824075194204 0.4773606796954145
2.8284344462692523 7.901982758205422 -0.28857604678785126
0.5895986008824833 0.8069274207295841 -0.03525097005907356
-0.7898266189018316 0.5668749753118119 -0.2341501985746168
-0.16895952879966472 0.165896504778038 0.9715610137009679
3.873056918963882 7.878261130956099 -0.2801357879340691
0.12938048566973062 0.63300358673121 0.7632608190011417
-0.6195076062229046 0.6526193481280737 -0.436231216321232
-0.7742551538641615 -0.4164067154419725 0.4765868818246815
4.795649817351767 7.935157891330024 -0.27815416372218305
0.4608869736952957 0.8576357393289901 -0.22813204546461743
-0.8677966709477787 0.3817208926398499 -0.3181464241327659
-0.18577128427160272 0.3446021557748664 0.9201846131246408
5.842172453111891 7.978240224908334 -0.22673274307797675
-0.5951363165806213 -0.803477061519282 -0.015435538268841672
0.24614606629760719 -0.16396993470020804 -0.9552620825517606
0.7649998596902416 -0.5723105578970108 0.2953575758254823
6.768537687253279 7.977940601398794 -0.23505309173973254
-0.8446178513955843 -0.444108477118752 0.2989795280759018
0.4923252333311759 -0.8637016352529646 0.10786733876281566
0.21032438075782883 0.2383023891805504 0.9481433466005245
7.778345408744797 7.974578758223682 -0.35460968819383615
0.6625194165459114 0.18313997641966118 0.7263112647261473
-0.002378865523092947 0.970159326896353 -0.24245625983164174
-0.7490417500674751 0.15890401416818437 0.6431854832950004
8.858680921849018 7.863162029473306 -0.2983822609057132
0.5385334279675658 0.7721150972727796 0.3373719630202932
