 -0.00584731  -0.00589804    -0.999966
    0.139702     0.990171  -0.00665718
    0.990176    -0.139736  -0.00496586
           0            0            0
 -0.00578962  -0.00591713    -0.999966
    0.137295     0.990508  -0.00665608
    0.990513    -0.137329  -0.00492227
-0.000757354    0.0116035    0.0699965
 -0.00571558  -0.00593889    -0.999966
    0.133508     0.991025  -0.00664889
    0.991031    -0.133541   -0.0048714
-0.000928187  -0.00431918    0.0548212
 -0.00565956  -0.00592568    -0.999966
    0.135677     0.990731  -0.00663886
    0.990737    -0.135711  -0.00480312
 -0.00160973   0.00447682     0.109499
 -0.00551009  -0.00601285    -0.999967
    0.137672     0.990455  -0.00671427
    0.990462    -0.137705  -0.00462969
 -0.00211975    0.0303581     0.129057
 -0.00526254  -0.00635847    -0.999966
    0.139891     0.990142  -0.00703221
    0.990153    -0.139923  -0.00432117
 -0.00252926   0.00165987     0.186597
 -0.00538848   -0.0061846    -0.999966
    0.138922      0.99028  -0.00687329
    0.990289    -0.138954  -0.00447693
  -0.0023356    0.0162477     0.159604
 -0.00532342  -0.00633684    -0.999966
    0.147121     0.989093  -0.00705115
    0.989104    -0.147153  -0.00433308
 -0.00260503  -0.00461495     0.197505
 -0.00538178  -0.00630929    -0.999966
    0.155302     0.987842  -0.00706862
    0.987852    -0.155334   -0.0043365
 -0.00298877  -0.00114302     0.263583
 -0.00567792  -0.00646587    -0.999963
      0.1657     0.986149  -0.00731741
     0.98616    -0.165735  -0.00452788
 -0.00278317    -0.036209     0.295528
 -0.00560201  -0.00598552    -0.999966
    0.179728     0.983692  -0.00689498
      0.9837     -0.17976  -0.00443489
 -0.00292713   -0.0707208     0.347137
 -0.00551029  -0.00578186    -0.999968
    0.144175     0.989531  -0.00651598
    0.989537    -0.144207    -0.004619
 -0.00200341    -0.115628     0.248458
 -0.00561864  -0.00590433    -0.999967
    0.167975     0.985768  -0.00676432
    0.985775    -0.168007   -0.0045469
 -0.00333718  -0.00790753     0.372644
 -0.00526444  -0.00610877    -0.999967
    0.172926      0.98491  -0.00692718
    0.984921    -0.172957  -0.00412864
 -0.00372886   0.00462717     0.405204
 -0.00569021  -0.00577676    -0.999967
    0.201627     0.979439  -0.00680551
    0.979446    -0.201659  -0.00440846
 -0.00426805    0.0334224     0.495405
 -0.00549429  -0.00605854    -0.999967
    0.208513     0.977994  -0.00707108
    0.978004    -0.208545  -0.00411009
 -0.00430083    0.0335141     0.510128
 -0.00562298  -0.00611201    -0.999966
    0.243601     0.969848  -0.00729773
    0.969859    -0.243634  -0.00396454
 -0.00461997    0.0452123     0.573313
 -0.00604464  -0.00557619    -0.999966
    0.253202     0.967389   -0.0069251
    0.967394    -0.253236  -0.00443561
 -0.00462185    0.0472158      0.59688
 -0.00163423   -0.0114534    -0.999933
     0.24533     0.969371   -0.0115043
    0.969438    -0.245333   0.00122569
 -0.00476739    0.0501553     0.597992
 -0.00648698  -0.00502985    -0.999966
    0.299322     0.954128  -0.00674104
     0.95413    -0.299356  -0.00468386
 -0.00489513    0.0595177     0.656967
 -0.00641472  -0.00486149    -0.999968
    0.282895     0.959129   -0.0064777
    0.959129    -0.282927  -0.00477725
 -0.00523362     0.090459      0.67156
   -0.006827  -0.00441634    -0.999967
    0.371522     0.928401  -0.00663673
    0.928399    -0.371555  -0.00469742
  -0.0053086    0.0411665     0.746265
 -0.00675676  -0.00454533    -0.999967
    0.373549     0.927586  -0.00674039
    0.927586    -0.373583  -0.00456957
 -0.00550426    0.0552869     0.759572
 -0.00679534  -0.00461402    -0.999966
    0.418985     0.907966  -0.00703675
    0.907968    -0.419018  -0.00423674
 -0.00595506    0.0862469     0.798461
 -0.00666438  -0.00486538    -0.999966
    0.422422      0.90637  -0.00722526
    0.906375    -0.422456  -0.00398515
 -0.00612646    0.0985821     0.806516
 -0.00487046   -0.0088465    -0.999949
    0.417743     0.908509   -0.0100722
    0.908552    -0.417771 -0.000729297
 -0.00609562    0.0963873      0.80907
  -0.0071788  -0.00374133    -0.999967
    0.472063      0.88154   -0.0066872
    0.881536    -0.472095  -0.00456225
 -0.00667007     0.134695     0.865372
 -0.00743102  -0.00325511    -0.999967
     0.51654     0.856238  -0.00662579
    0.856231    -0.516572  -0.00468133
  -0.0068323     0.162403     0.910346
 -0.00691529  -0.00404539    -0.999968
    0.524376     0.851457  -0.00707092
    0.851458    -0.524408  -0.00376677
 -0.00698601     0.174399     0.923618
 -0.00659777  -0.00459511    -0.999968
    0.564473     0.825417  -0.00751739
    0.825425    -0.564504   -0.0028521
 -0.00746727     0.213597     0.974337
 -0.00636847  -0.00507773    -0.999967
    0.569212     0.822154  -0.00779994
    0.822166    -0.569243  -0.00234555
 -0.00761967     0.226893     0.988281
 -0.00531642  -0.00667046    -0.999964
    0.562948     0.826448  -0.00850596
    0.826475    -0.562973 -0.000638621
 -0.00753077     0.217735     0.977503
 -0.00668176  -0.00474046    -0.999966
    0.613923     0.789327  -0.00784413
    0.789337    -0.613955  -0.00236381
 -0.00813958      0.27322      1.05016
 -0.00693569  -0.00444723    -0.999966
    0.649863     0.760011  -0.00788745
     0.76002    -0.649895  -0.00238111
 -0.00864409     0.320462      1.10136
 -0.00701166  -0.00441414    -0.999966
    0.655791       0.7549   -0.0079307
     0.75491    -0.655825  -0.00239835
 -0.00878863     0.333404      1.11397
 -0.00725313  -0.00409781    -0.999965
    0.690673     0.723123  -0.00797305
    0.723131    -0.690707  -0.00241466
 -0.00933985     0.385057        1.168
 -0.00672667  -0.00703048    -0.999953
    0.699307     0.714756  -0.00972954
     0.71479    -0.699339  0.000108542
 -0.00943614     0.391954      1.17636
 -0.00764643  -0.00278886    -0.999967
     0.72715     0.686438  -0.00747473
    0.686436    -0.727183  -0.00322088
  -0.0100034     0.447751      1.23156
 -0.00794567  -0.00112436    -0.999968
    0.728182     0.685352  -0.00655669
    0.685337    -0.728211  -0.00462685
  -0.0101872     0.464222       1.2468
 -0.00825985  -0.00120526    -0.999965
    0.736818     0.676056  -0.00690107
    0.676041    -0.736849  -0.00469606
  -0.0108869     0.526433      1.33385
 -0.00859575 -0.000878561    -0.999963
    0.764593     0.644474  -0.00713873
    0.644457    -0.764625    -0.004868
   -0.010523     0.517218       1.3307
 -0.00832149 -0.000564677    -0.999965
    0.757509      0.65279  -0.00667246
    0.652771    -0.757539  -0.00500444
  -0.0103263     0.548993      1.34913
 -0.00825561 -0.000641902    -0.999966
    0.755412     0.655216   -0.0066572
    0.655198    -0.755441  -0.00492431
  -0.0105937     0.552008      1.33783
 -0.00820743 -0.000758157    -0.999966
    0.748884     0.662668  -0.00664905
    0.662651    -0.748913  -0.00487103
   -0.011196     0.581787      1.36268
 -0.00814739 -0.000750811    -0.999967
    0.752957     0.658037  -0.00662891
     0.65802    -0.752986  -0.00479595
  -0.0115945     0.594508      1.37072
 -0.00811697 -0.000963271    -0.999967
    0.748959     0.662582  -0.00671775
    0.662567    -0.748988  -0.00465671
  -0.0123423     0.665714      1.41822
 -0.00812195  -0.00136689    -0.999966
     0.75199     0.659137  -0.00700883
    0.659124    -0.752022  -0.00432559
  -0.0122254     0.626712      1.41154
 -0.00812286   -0.0014354    -0.999966
     0.75191     0.659228  -0.00705416
    0.659215    -0.751942  -0.00427552
  -0.0128273     0.679364      1.46345
  -0.0067272  -0.00624272    -0.999958
    0.728305     0.685192   -0.0091773
     0.68522    -0.728336 -6.28181e-05
  -0.0129226     0.683332      1.46221
  -0.0081479  -0.00135915    -0.999966
     0.75562     0.654973  -0.00704716
     0.65496    -0.755651  -0.00430965
  -0.0132666     0.705741      1.47801
 -0.00857868  -0.00124251    -0.999962
    0.765538     0.643348  -0.00736695
    0.643333    -0.765573  -0.00456789
  -0.0140321     0.733551      1.54059
 -0.00813826  -0.00116398    -0.999966
    0.762751     0.646655   -0.0069604
    0.646641    -0.762782  -0.00437481
   -0.013453      0.69673      1.51705
 -0.00794879 -0.000953548    -0.999968
    0.743684     0.668499  -0.00654905
    0.668484    -0.743713  -0.00460462
  -0.0126598     0.643302      1.47753
  -0.0080506  -0.00141547    -0.999967
     0.72339     0.690407   -0.0068012
    0.690393     -0.72342  -0.00453425
  -0.0141112     0.784504      1.56545
 -0.00788918  -0.00153213    -0.999968
    0.749503     0.661964  -0.00692741
    0.661954    -0.749534  -0.00407402
  -0.0144545     0.829022      1.61569
 -0.00343365  -0.00625376    -0.999975
    0.729886     0.683535  -0.00678101
     0.68356    -0.729891   0.00221752
  -0.0144199     0.819225      1.60227
 -0.00803868  -0.00150098    -0.999967
    0.758167     0.652022  -0.00707357
    0.652011    -0.758199   -0.0041034
  -0.0155828       0.9326      1.70833
 -0.00811816  -0.00169811    -0.999966
    0.759205     0.650811  -0.00726875
    0.650801    -0.759238  -0.00399417
  -0.0161038     0.979449      1.74864
 -0.00814254  -0.00101184    -0.999966
    0.763701     0.645533  -0.00687188
    0.645518    -0.763732  -0.00448354
  -0.0166074       1.0193      1.77901
  -0.0081471  -0.00121538    -0.999966
    0.751277     0.659951  -0.00692305
    0.659937    -0.751308   -0.0044636
  -0.0169274      1.04842      1.81074
  -0.0107677  -0.00732014    -0.999915
    0.726305     0.687252   -0.0128525
    0.687288    -0.726382  -0.00208344
  -0.0166605       1.0434      1.81014
 -0.00812718  -0.00077931    -0.999967
    0.744456      0.66764  -0.00657084
    0.667623    -0.744484  -0.00484587
  -0.0177839      1.12783      1.89484
 -0.00810533 -0.000840718    -0.999967
    0.751271      0.65996  -0.00664436
    0.659944      -0.7513  -0.00471759
  -0.0181392      1.14837       1.9145
 -0.00808381 -0.000991918    -0.999967
    0.752032     0.659092  -0.00673327
    0.659077    -0.752062  -0.00458202
  -0.0185091       1.1818      1.94425
 -0.00810859 -0.000969313    -0.999967
    0.743638     0.668549  -0.00667811
    0.668533    -0.743668  -0.00470017
   -0.018933      1.22016      1.98445
 -0.00808673 -9.73786e-05    -0.999967
    0.793919     0.607989  -0.00647962
     0.60797    -0.793945  -0.00483933
  -0.0190124      1.23101      1.99266
  -0.0096506  -0.00698501    -0.999929
    0.707899     0.706216   -0.0117654
    0.706248    -0.707962  -0.00187073
  -0.0190822      1.24067      2.00043
 -0.00813582  -0.00111085    -0.999966
    0.729651     0.683787  -0.00669612
    0.683771    -0.729681  -0.00475263
  -0.0197605      1.30955      2.03399
 -0.00804789   -0.0010963    -0.999967
    0.720909     0.692999  -0.00656174
    0.692983    -0.720938  -0.00478684
  -0.0201501      1.35313      2.07506
 -0.00795858  -0.00155645    -0.999967
    0.716345     0.697713  -0.00678727
      0.6977    -0.716376  -0.00443785
  -0.0204188      1.37011      2.09551
 -0.00804066  -0.00119471    -0.999967
    0.723606     0.690181  -0.00664305
    0.690166    -0.723635  -0.00468502
  -0.0209365        1.404      2.14841
  -0.0080221  -0.00122845    -0.999967
    0.720136     0.693801  -0.00662952
    0.693787    -0.720165   -0.0046811
  -0.0209833      1.40767       2.1525
 -0.00804455  -0.00119417    -0.999967
    0.724706     0.689026  -0.00665297
    0.689012    -0.724735  -0.00467749
  -0.0214413      1.44863      2.19188
 -0.00800824  -0.00179033    -0.999966
     0.71985     0.694095  -0.00700762
    0.694084    -0.719882  -0.00426971
  -0.0216966      1.47376      2.20906
 -0.00800403  -0.00151438    -0.999967
    0.713125     0.701004  -0.00676969
    0.700991    -0.713156  -0.00453091
  -0.0219278      1.49505      2.22395
  -0.0079997  -0.00156279    -0.999967
     0.71922     0.694749  -0.00683952
    0.694736    -0.719251  -0.00443379
  -0.0221582      1.51155      2.22967
 -0.00801906  -0.00136761    -0.999967
    0.721373     0.692514  -0.00673204
      0.6925    -0.721403  -0.00456675
  -0.0228411      1.56818      2.31076
 -0.00960513  -0.00935524     -0.99991
    0.694379     0.719484   -0.0134018
    0.719545    -0.694446 -0.000414661
  -0.0228992      1.57486      2.31577
 -0.00810817  -0.00144662    -0.999966
    0.714448     0.699656  -0.00680523
    0.699642    -0.714479  -0.00463939
  -0.0234551      1.62458      2.36703
 -0.00810776  -0.00111442    -0.999967
    0.720144     0.693793  -0.00661215
    0.693777    -0.720174  -0.00482256
  -0.0233794      1.61937      2.36739
 -0.00802705  -0.00147073    -0.999967
    0.710163     0.704005  -0.00673613
    0.703992    -0.710193  -0.00460663
  -0.0238124      1.65565      2.40211
 -0.00809302  -0.00107577    -0.999967
    0.720172     0.693764  -0.00657492
    0.693748    -0.720201  -0.00483991
  -0.0240976      1.68515      2.43133
 -0.00803552  -0.00129569    -0.999967
    0.720362     0.693566  -0.00668734
    0.693552    -0.720392   -0.0046398
  -0.0246848      1.73156      2.48055
 -0.00985014  -0.00768683    -0.999922
    0.693433     0.720415   -0.0123691
    0.720454    -0.693501  -0.00176589
  -0.0244911       1.7275      2.47301
 -0.00804125  -0.00129554    -0.999967
    0.719839     0.694109  -0.00668787
    0.694095    -0.719869  -0.00464893
  -0.0253641      1.80245      2.54677
 -0.00801934  -0.00128462    -0.999967
    0.712252     0.701893  -0.00661368
    0.701878    -0.712281  -0.00471375
  -0.0260682      1.87714      2.60577
 -0.00795338  -0.00138983    -0.999967
      0.7159     0.698171  -0.00666438
    0.698158    -0.715929  -0.00455784
  -0.0261848      1.86307      2.60498
   -0.008019  -0.00125494    -0.999967
     0.72279     0.691036  -0.00666348
    0.691022    -0.722819  -0.00463436
  -0.0264109      1.88173      2.63884
 -0.00793218  -0.00133042    -0.999968
    0.715187     0.698902  -0.00660304
    0.698888    -0.715217  -0.00459232
  -0.0264417      1.88769      2.63573
 -0.00855522  -0.00690661     -0.99994
    0.688113     0.725522   -0.0108985
    0.725553    -0.688164  -0.00145448
  -0.0264521      1.88538      2.63657
 -0.00792142  -0.00144641    -0.999968
    0.710348      0.70382  -0.00664519
    0.703806    -0.710377  -0.00454779
  -0.0273902      1.97386      2.71011
 -0.00796165  -0.00139637    -0.999967
    0.708897     0.705281  -0.00662904
    0.705267    -0.708927  -0.00462531
  -0.0279638      2.02654      2.74779
   -0.008026  -0.00147773    -0.999967
    0.698011     0.716056  -0.00666059
    0.716042    -0.698041   -0.0047156
  -0.0283385      2.09185      2.77721
 -0.00801165  -0.00205258    -0.999966
    0.702052     0.712091  -0.00708646
    0.712081    -0.702085  -0.00426401
  -0.0292425      2.14722      2.83136
 -0.00790831  -0.00194156    -0.999967
    0.705916     0.708261  -0.00695797
    0.708251    -0.705948  -0.00423057
  -0.0297354      2.17552      2.87534
 -0.00809818  -0.00978488    -0.999919
    0.720944     0.692878   -0.0126191
    0.692946    -0.720988    0.0014433
  -0.0296209      2.17262       2.8664
 -0.00795615  -0.00187043    -0.999967
    0.709117     0.705056  -0.00696083
    0.705046    -0.709149  -0.00428318
  -0.0302111      2.26518      2.90942
 -0.00808285 -0.000814405    -0.999967
    0.752352     0.658728  -0.00661784
    0.658711    -0.752381  -0.00471168
  -0.0303348      2.27662      2.95246
 -0.00815365 -0.000719913    -0.999966
    0.754232     0.656575  -0.00662264
    0.656558     -0.75426  -0.00481051
   -0.030303      2.27667      2.95471
 -0.00836301 -0.000309606    -0.999965
    0.756946     0.653444  -0.00653289
    0.653423    -0.756975   -0.0052304
  -0.0302544      2.32004      2.99022
 -0.00838231 -0.000562128    -0.999965
    0.750295      0.66107  -0.00666104
     0.66105    -0.750324  -0.00511953
  -0.0307298      2.36456      3.00204
 -0.00826767 -0.000604505    -0.999966
    0.750247     0.661125  -0.00660267
    0.661106    -0.750276  -0.00501243
  -0.0314804      2.38445      3.05421
 -0.00817312 -0.000667231    -0.999966
    0.751669     0.659508  -0.00658375
     0.65949    -0.751697   -0.0048887
  -0.0321517      2.42062      3.10897
   -0.008236 -0.000616487    -0.999966
    0.752281     0.658809  -0.00660216
    0.658791     -0.75231  -0.00496218
  -0.0325839       2.4626      3.14304
 -0.00814568  -0.00115963    -0.999966
    0.750262     0.661105  -0.00687826
     0.66109    -0.750293  -0.00451512
  -0.0328995      2.49453      3.14755
 -0.00809232 -0.000894087    -0.999967
    0.757546     0.652747  -0.00671414
    0.652732    -0.757575  -0.00460493
  -0.0331525       2.5099      3.17414
 -0.00607378  -0.00659736     -0.99996
    0.742559     0.669721  -0.00892889
    0.669753    -0.742584  0.000831191
  -0.0333068      2.51607       3.1758
 -0.00820449 -0.000699451    -0.999966
    0.754771     0.655955  -0.00665154
    0.655937      -0.7548  -0.00485385
  -0.0337627      2.57321      3.22342
 -0.00819082 -0.000769492    -0.999966
    0.752345     0.658736  -0.00666944
    0.658719    -0.752374  -0.00481667
  -0.0340111      2.58897      3.22981
  -0.0081186 -0.000800648    -0.999967
    0.753647     0.657245    -0.006645
    0.657229    -0.753676   -0.0047325
    -0.03445      2.63803      3.27289
 -0.00807741 -0.000777218    -0.999967
    0.750728     0.660579  -0.00657757
    0.660562    -0.750757  -0.00475229
  -0.0347255      2.67345      3.30535
 -0.00818885 -0.000561481    -0.999966
    0.750241     0.661132  -0.00651505
    0.661114    -0.750269  -0.00499267
  -0.0348443      2.69406      3.31903
 -0.00310251   -0.0030168    -0.999991
    0.742486     0.669847  -0.00432441
    0.669854    -0.742493  0.000161722
  -0.0351973      2.69552      3.32172
 -0.00805506 -0.000828748    -0.999967
    0.753062     0.657917  -0.00661142
    0.657901     -0.75309  -0.00467546
  -0.0355963      2.75107       3.3722
 -0.00807412 -0.000840693    -0.999967
    0.753859     0.657002   -0.0066393
    0.656986    -0.753888  -0.00467095
  -0.0358573      2.77252      3.39636
 -0.00807407  -0.00102621    -0.999967
    0.753696     0.657188  -0.00676003
    0.657173    -0.753726  -0.00453272
  -0.0362755      2.80561      3.43244
 -0.00807623 -0.000944617    -0.999967
      0.7687     0.639573  -0.00681257
    0.639559    -0.768729  -0.00443921
  -0.0367628      2.85408      3.45581
 -0.00804095 -0.000791827    -0.999967
    0.771417     0.636295  -0.00670698
    0.636279    -0.771445  -0.00450559
  -0.0371544      2.89114       3.4919
 -0.00804285 -0.000735855    -0.999967
    0.776316     0.630308  -0.00670783
    0.630293    -0.776345  -0.00449822
   -0.037586      2.93115      3.52325
 -0.00157809  -0.00251578    -0.999996
    0.765109     0.643894  -0.00282732
    0.643898    -0.765111  0.000908726
  -0.0374474      2.90696      3.50445
 -0.00827619 -0.000364977    -0.999966
    0.770111     0.637875  -0.00660662
    0.637856     -0.77014   -0.0049981
  -0.0380699      2.97671      3.55787
 -0.00813306  -0.00078139    -0.999967
    0.764582     0.644492  -0.00672221
    0.644475    -0.764611  -0.00464425
  -0.0382655      2.98288      3.59862
 -0.00827967 -0.000275869    -0.999966
    0.771175      0.63659  -0.00656092
     0.63657    -0.771203  -0.00505801
  -0.0387507      3.04401      3.62231
 -0.00813754 -0.000582887    -0.999967
    0.775838     0.630897  -0.00668137
     0.63088    -0.775867  -0.00468172
  -0.0391194      3.07219      3.65827
  -0.0080242  -0.00068386    -0.999968
    0.775257     0.631612  -0.00665296
    0.631596    -0.775285  -0.00453801
  -0.0395372      3.11009      3.69063
 7.95912e-05  -0.00277538    -0.999996
    0.764693     0.644393  -0.00172758
    0.644395     -0.76469    0.0021736
  -0.0400393      3.12453      3.69971
  -0.0080001 -0.000594457    -0.999968
    0.772978     0.634399  -0.00656123
    0.634383    -0.773005  -0.00461575
  -0.0404727       3.2179      3.77561
 -0.00794542  -0.00065372    -0.999968
     0.77714     0.629293   -0.0065863
    0.629277    -0.777168  -0.00449196
   -0.040806      3.23811      3.79298
 -0.00809017 -0.000497331    -0.999967
    0.784607     0.619958  -0.00665615
    0.619941    -0.784635  -0.00462535
  -0.0406815      3.23432      3.77516
 -0.00800579   -0.0004996    -0.999968
    0.783782     0.621001  -0.00658526
    0.620984     -0.78381  -0.00458002
  -0.0410104      3.27104      3.81868
 -0.00793895 -0.000493623    -0.999968
    0.784356     0.620276  -0.00653336
     0.62026    -0.784383  -0.00453716
  -0.0411667      3.28532      3.83275
  -0.0079949 -0.000358803    -0.999968
    0.798729     0.601655  -0.00660185
    0.601638    -0.798756  -0.00452359
  -0.0419111      3.35312      3.88694
 -0.00785312 -0.000382496    -0.999969
    0.796746     0.604279  -0.00648828
    0.604263    -0.796773  -0.00444073
  -0.0423768      3.38052      3.90214
 -0.00807744 -0.000265957    -0.999967
     0.80091     0.598748  -0.00662876
     0.59873    -0.800938  -0.00462334
  -0.0431256      3.46086      3.97252
 -0.00249214  -0.00247151    -0.999994
    0.800962     0.598705  -0.00347583
     0.59871    -0.800966  0.000487529
  -0.0428388      3.43692      3.94999
 -0.00787444 -0.000739731    -0.999969
    0.805978     0.591907  -0.00678469
    0.591893    -0.806006  -0.00406473
  -0.0446077      3.57818      4.06279
 -0.00809438 -0.000761285    -0.999967
    0.802187     0.597032  -0.00694795
    0.597018    -0.802217  -0.00422191
  -0.0450725      3.63395      4.10416
 -0.00803259  -0.00104028    -0.999967
     0.78023     0.625454  -0.00691815
    0.625441     -0.78026  -0.00421236
  -0.0453112      3.66634      4.15558
 -0.00806667 -0.000351931    -0.999967
    0.791439     0.611212  -0.00659959
    0.611195    -0.791466  -0.00465191
  -0.0452163      3.67821      4.14359
 -0.00132438  -0.00504418    -0.999986
    0.795814     0.605528   -0.0041084
     0.60554    -0.795808   0.00321227
  -0.0454838      3.68346      4.15744
 -0.00868743  0.000457826    -0.999962
    0.791968     0.610528  -0.00660089
    0.610501    -0.791995   -0.0056665
  -0.0454706      3.72661      4.17219
  -0.0084758  0.000135338    -0.999964
    0.795976     0.605291  -0.00666486
    0.605268    -0.796004  -0.00523805
  -0.0460961      3.75601      4.19369
 -0.00846925  0.000144027    -0.999964
    0.792926     0.609282  -0.00662798
    0.609259    -0.792954  -0.00527436
  -0.0466803      3.79506      4.23603
 -0.00822144 -6.83061e-05    -0.999966
    0.796424     0.604703  -0.00658928
    0.604683    -0.796451  -0.00491713
  -0.0472009      3.83101      4.28699
 -0.00840778  0.000109067    -0.999965
    0.799727     0.600327  -0.00665869
    0.600305    -0.799755  -0.00513464
  -0.0476301      3.86997      4.30794
  -0.0082096 -0.000555214    -0.999966
    0.794487     0.607243   -0.0068598
    0.607226    -0.794516  -0.00454411
  -0.0479197      3.90673      4.32347
 -0.00808341 -0.000375895    -0.999967
    0.800115      0.59981  -0.00669334
    0.599793    -0.800142  -0.00454775
   -0.048064      3.93548      4.32965
 -0.00204204  -0.00442284    -0.999988
    0.792296     0.610122  -0.00431642
    0.610134    -0.792295    0.0022583
   -0.048412      3.93378      4.32939
 -0.00840659   5.2497e-05    -0.999965
     0.79554     0.605865  -0.00665621
    0.605843    -0.795568  -0.00513502
  -0.0489234      4.00877      4.38833
 -0.00821253 -0.000113326    -0.999966
    0.797673     0.603053  -0.00661948
    0.603034    -0.797701   -0.0048622
   -0.049591      4.05448      4.43142
 -0.00815352 -0.000188528    -0.999967
    0.800463     0.599346   -0.0066398
    0.599327     -0.80049  -0.00473587
  -0.0495898      4.07955      4.44663
 -0.00805938 -0.000292116    -0.999967
    0.792441     0.609914  -0.00656496
    0.609896    -0.792468  -0.00468404
  -0.0500393      4.14037      4.49325
  -0.0018012  -0.00592092    -0.999981
    0.791528     0.611113  -0.00504414
    0.611131    -0.791522   0.00358583
  -0.0502667      4.13617      4.48866
 -0.00851334   0.00024682    -0.999964
    0.793468     0.608577  -0.00660509
    0.608553    -0.793495  -0.00537686
  -0.0504542      4.18027      4.52194
 -0.00811189 -0.000276554    -0.999967
    0.794454     0.607289  -0.00661269
     0.60727    -0.794481  -0.00470655
  -0.0507891      4.21685      4.54741
 -0.00811097 -0.000352356    -0.999967
    0.792554     0.609765  -0.00664346
    0.609747    -0.792582  -0.00466652
  -0.0511786        4.253      4.57188
 -0.00811687 -0.000580219    -0.999967
    0.788454     0.615057  -0.00675687
     0.61504    -0.788483  -0.00453486
  -0.0511103      4.23745      4.57022
 -0.00810192 -0.000663378    -0.999967
    0.789713     0.613439  -0.00680536
    0.613424    -0.789742  -0.00444616
  -0.0514842      4.28254      4.58162
 -0.00806481 -0.000523667    -0.999967
    0.792565     0.609751  -0.00671141
    0.609734    -0.792593  -0.00450248
  -0.0518087      4.32155      4.61328
 -0.00805783 -0.000518213    -0.999967
    0.793197     0.608928  -0.00670722
    0.608912    -0.793225   -0.0044956
  -0.0521938      4.35884      4.64124
 -0.00800734 -0.000535332    -0.999968
    0.794771     0.606873   -0.0066891
    0.606857    -0.794799  -0.00443397
  -0.0523931      4.37306      4.65797
 -0.00844167  6.53535e-05    -0.999964
    0.788862     0.614534  -0.00661939
    0.614512     -0.78889  -0.00523925
  -0.0531973      4.41122      4.69234
 -0.00162065  -0.00632456    -0.999979
    0.785296     0.619098  -0.00518833
    0.619118    -0.785288   0.00396331
  -0.0530725      4.40935      4.68885
 -0.00850925  0.000176522    -0.999964
    0.788581     0.614895  -0.00660193
    0.614871    -0.788609   -0.0053715
  -0.0539855      4.48748      4.77154
 -0.00816238 -0.000346164    -0.999967
    0.792101     0.610353  -0.00667694
    0.610335    -0.792129  -0.00470774
  -0.0544001      4.55174      4.80977
 -0.00807876 -0.000416838    -0.999967
     0.79401     0.607868  -0.00666822
    0.607851    -0.794038  -0.00457985
  -0.0542581      4.55405      4.81073
 -0.00795207 -0.000521778    -0.999968
    0.792928     0.609279  -0.00662354
    0.609263    -0.792956   -0.0044313
  -0.0547028      4.60335      4.84366
-0.000532951  -0.00684152    -0.999976
    0.783879     0.620896  -0.00466575
    0.620913    -0.783863   0.00503202
  -0.0553504      4.62239      4.85594
  -0.0077493 -0.000480784     -0.99997
    0.791617     0.610983  -0.00642843
    0.610968    -0.791643   -0.0043541
  -0.0552148      4.66982      4.88921
 -0.00800124 -0.000376306    -0.999968
    0.790545     0.612369  -0.00655599
    0.612352    -0.790572  -0.00460223
  -0.0555666      4.70465      4.93153
 -0.00800464 -0.000382561    -0.999968
    0.792662     0.609626   -0.0065784
    0.609609    -0.792689   -0.0045766
  -0.0554693      4.70351      4.91771
 -0.00786331 -0.000319828    -0.999969
    0.797724     0.602988   -0.0064658
    0.602971    -0.797751  -0.00448634
  -0.0557271      4.73116      4.96105
 -0.00797271 -0.000388949    -0.999968
     0.79613      0.60509  -0.00658287
    0.605073    -0.796157  -0.00451455
  -0.0563782      4.78593      4.99635
 -0.00766414 -0.000358042    -0.999971
    0.795522     0.605891  -0.00631412
    0.605876    -0.795547  -0.00435881
  -0.0567168      4.81312       5.0303
 -0.00762107 -0.000615964    -0.999971
    0.784648     0.619909  -0.00636188
    0.619895    -0.784673  -0.00424105
  -0.0572466      4.86796      5.05672
  0.00757578  -0.00756627    -0.999943
    0.781757     0.623582    0.0012043
    0.623537    -0.781721    0.0106391
   -0.058272      4.88256      5.07421
 -0.00767775  -0.00101749     -0.99997
    0.788803      0.61461  -0.00668179
    0.614598     -0.78883  -0.00391622
  -0.0586953      4.99422      5.16909
 -0.00782354 -0.000882976    -0.999969
    0.789923      0.61317  -0.00672161
    0.613157    -0.789951  -0.00409967
  -0.0593475      5.05225       5.2144
 -0.00768461  -0.00100947     -0.99997
    0.790051     0.613005  -0.00669025
    0.612993    -0.790079  -0.00391317
  -0.0594253      5.06295      5.22722
 -0.00772665  -0.00100769     -0.99997
    0.785504      0.61882   -0.0066931
    0.618808    -0.785532  -0.00398986
  -0.0599972      5.11719      5.26356
   0.0073549  -0.00707901    -0.999948
    0.791421      0.61127   0.00149372
    0.611227    -0.791391    0.0100983
  -0.0599296      5.10345      5.25606
 -0.00877597  0.000831443    -0.999961
     0.81313     0.582044  -0.00665232
    0.582016    -0.813157  -0.00578407
  -0.0614639      5.16701      5.33906
 -0.00868931  0.000732456    -0.999962
        0.81     0.586392  -0.00660909
    0.586365    -0.810027  -0.00568863
  -0.0618723      5.19385      5.35963
 -0.00899923  0.000937516    -0.999959
    0.809333     0.587312  -0.00673304
    0.587282     -0.80936  -0.00604412
  -0.0620739      5.19643      5.39888
 -0.00873938  0.000958117    -0.999961
     0.82416     0.566318  -0.00666031
    0.566289    -0.824187  -0.00573891
   -0.062634      5.26466       5.4073
 -0.00879177   0.00117551    -0.999961
    0.835024     0.550172  -0.00669487
    0.550143     -0.83505  -0.00581856
    -0.06293      5.28033      5.44639
 -0.00867936  0.000947686    -0.999962
    0.832746     0.553615  -0.00670331
    0.553587    -0.832772  -0.00559421
  -0.0632693      5.33194      5.45589
 -0.00847317  0.000841923    -0.999964
     0.83907     0.543983  -0.00665183
    0.543957    -0.839096  -0.00531569
  -0.0634222      5.36251      5.45448
 -0.00854486  0.000873646    -0.999963
    0.840746     0.541388  -0.00671132
    0.541362    -0.840772   -0.0053606
  -0.0640253      5.41496      5.49933
   0.0034257  -0.00765962    -0.999965
    0.848057     0.529903   -0.0011537
    0.529893    -0.848024   0.00831109
  -0.0636685      5.40727      5.48838
 -0.00844557   0.00101906    -0.999964
    0.853902     0.520391  -0.00668162
    0.520366    -0.853927  -0.00526517
  -0.0647373      5.50481      5.52671
  -0.0085756    0.0013637    -0.999962
    0.865843      0.50027  -0.00674316
    0.500242    -0.865868  -0.00547087
  -0.0653426      5.56412      5.57532
 -0.00833864   0.00117602    -0.999965
    0.868875     0.494987  -0.00666336
    0.494961      -0.8689  -0.00514933
  -0.0655061      5.56514        5.592
 -0.00830752   0.00136119    -0.999965
    0.881232     0.472637  -0.00667774
    0.472611    -0.881256  -0.00512597
  -0.0661374      5.63253      5.62653
  0.00638272  -0.00864378    -0.999942
    0.895617     0.444822   0.00187164
     0.44478    -0.895577    0.0105807
  -0.0662769      5.63376      5.62058
 -0.00815126   0.00172856    -0.999965
    0.894841     0.446338  -0.00652278
    0.446311    -0.894863    -0.005185
  -0.0664715      5.69245      5.64162
 -0.00822459   0.00167929    -0.999965
    0.898027     0.439891  -0.00664743
    0.439864     -0.89805  -0.00512596
  -0.0667631      5.71715      5.65254
 -0.00800884   0.00191115    -0.999966
    0.920082     0.391669  -0.00662048
    0.391644    -0.920104  -0.00489524
  -0.0671221       5.7826      5.67836
 -0.00804997    0.0026762    -0.999964
    0.936449     0.350742  -0.00659997
    0.350711    -0.936468  -0.00532959
  -0.0677665       5.8445      5.70129
 -0.00773187   0.00229164    -0.999967
    0.939333     0.342945  -0.00647711
    0.342919    -0.939353  -0.00480423
  -0.0677597      5.85878      5.70704
 -0.00846236   0.00348452    -0.999958
    0.946835     0.321646  -0.00689197
    0.321608    -0.946854  -0.00602115
  -0.0683418      5.91476       5.7314
  0.00926004  -0.00330926    -0.999952
    0.948845     0.315648   0.00774216
    0.315607    -0.948871   0.00606288
  -0.0683977      5.89699      5.72345
 -0.00810699   0.00310278    -0.999962
    0.944414     0.328692  -0.00663675
    0.328659    -0.944432  -0.00559501
  -0.0690936      5.99516      5.75813
 -0.00801148   0.00291501    -0.999964
    0.944355     0.328863  -0.00660728
    0.328832    -0.944373  -0.00538749
  -0.0691326      5.99986      5.75842
 -0.00797441   0.00302046    -0.999964
    0.948499     0.316712  -0.00660734
    0.316681    -0.948517   -0.0053905
  -0.0697195        6.056      5.77408
 -0.00821431   0.00331898    -0.999961
    0.947052     0.321009  -0.00671423
    0.320974     -0.94707  -0.00578011
  -0.0698247      6.06166      5.77752
   0.0144077   0.00215744    -0.999894
    0.959639     0.280864    0.0144337
    0.280866    -0.959745   0.00197625
  -0.0713038      6.07638       5.7759
 -0.00785952   0.00363522    -0.999963
     0.96409     0.265492  -0.00661242
    0.265458    -0.964106  -0.00559132
  -0.0709456      6.20763       5.8065
 -0.00775318   0.00352382    -0.999964
    0.967096     0.254327   -0.0066021
    0.254294    -0.967112  -0.00537971
  -0.0710429      6.21702      5.82168
 -0.00767667   0.00362774    -0.999964
    0.971711     0.236081   -0.0066033
    0.236048    -0.971727  -0.00533743
    -0.07156      6.29148      5.84012
 -0.00752106   0.00297647    -0.999967
    0.973968      0.22659  -0.00665105
    0.226563    -0.973986  -0.00460318
  -0.0705948      6.31006       5.8167
  -0.0071976    0.0029505     -0.99997
     0.97867     0.205339  -0.00643841
    0.205314    -0.978686  -0.00436552
  -0.0702964      6.37848      5.81647
 -0.00718007   0.00296588     -0.99997
    0.979215     0.202722  -0.00642978
    0.202697    -0.979232  -0.00435979
  -0.0702872      6.38599      5.81624
 -0.00711277   0.00331844    -0.999969
    0.985662     0.168607  -0.00645148
     0.16858    -0.985678  -0.00447012
  -0.0708178       6.4634      5.82779
 -0.00683593   0.00309329    -0.999972
    0.984347     0.176132  -0.00618428
    0.176107    -0.984362   -0.0042489
  -0.0708653      6.46942      5.82982
 -0.00661951   0.00334473    -0.999972
    0.989843     0.142034  -0.00607738
     0.14201    -0.989856  -0.00425095
  -0.0713877      6.56013      5.86211
   0.0160781  -0.00309857    -0.999866
    0.989281     0.145203    0.0154579
    0.145136    -0.989397   0.00539994
  -0.0712639      6.52483      5.84995
 -0.00677642   0.00359115    -0.999971
    0.993121      0.11692  -0.00631011
    0.116894    -0.993135  -0.00435875
  -0.0719484      6.64118      5.87325
  -0.0069256    0.0036958    -0.999969
    0.993307     0.115328  -0.00645321
      0.1153    -0.993321  -0.00446977
  -0.0720139      6.63677      5.85126
 -0.00675801   0.00357597    -0.999971
    0.994753     0.102104  -0.00635762
    0.102078    -0.994767  -0.00424723
  -0.0724718      6.71021      5.87933
 -0.00655465   0.00352002    -0.999972
    0.995079    0.0988907  -0.00617447
   0.0988662    -0.995092   -0.0041509
  -0.0725995      6.72058      5.88296
 -0.00674891   0.00374914     -0.99997
    0.998561     0.053219  -0.00653987
   0.0531929    -0.998576  -0.00410291
  -0.0743771      6.83478      5.94108
   0.0124577  -0.00293325    -0.999918
    0.998941    0.0443201    0.0123155
   0.0442803    -0.999013   0.00348227
  -0.0735754      6.78445      5.91246
 -0.00663911   0.00624255    -0.999958
    0.999497   -0.0309773  -0.00682943
  -0.0310186    -0.999501  -0.00603375
  -0.0776343      7.10535      5.91671
 -0.00662118   0.00685833    -0.999955
    0.998458   -0.0550732    -0.006989
  -0.0551187    -0.998459   -0.0064831
  -0.0784959      7.18672       5.9082
 -0.00635009   0.00614639    -0.999961
    0.998432   -0.0555858  -0.00668205
  -0.0556247    -0.998435  -0.00578377
  -0.0782318      7.18084      5.89831
 -0.00615947   0.00666729    -0.999959
    0.994587    -0.103683  -0.00681769
   -0.103724    -0.994588  -0.00599257
   -0.078813      7.24825      5.91409
 -0.00630607   0.00634258     -0.99996
    0.996392   -0.0845996  -0.00682017
  -0.0846394    -0.996395   -0.0057862
  -0.0786026      7.26837      5.87819
 -0.00580721   0.00643728    -0.999962
    0.989534    -0.144145  -0.00667458
   -0.144182    -0.989536  -0.00553283
  -0.0788725      7.33256      5.89345
  -0.0150319    0.0243626     -0.99959
    0.992742    -0.118932   -0.0178276
   -0.119318    -0.992603    -0.022398
  -0.0788285      7.27532      5.89291
 -0.00586901   0.00627159    -0.999963
    0.989632    -0.143466  -0.00670817
   -0.143503    -0.989635  -0.00536456
  -0.0791388      7.44285      5.78318
 -0.00557725   0.00643938    -0.999964
    0.982233    -0.187549   -0.0066861
   -0.187585    -0.982234  -0.00527896
  -0.0792936      7.40685      5.87447
 -0.00560818    0.0066405    -0.999962
    0.982445     -0.18643  -0.00674797
   -0.186468    -0.982446  -0.00547839
  -0.0795005       7.4434       5.8485
 -0.00543444   0.00722407    -0.999959
    0.974817    -0.222899  -0.00690811
   -0.222939    -0.974815  -0.00583082
  -0.0798331      7.48358       5.8618
 -0.00536796   0.00672906    -0.999963
     0.97261    -0.232345  -0.00678465
   -0.232382     -0.97261  -0.00529753
  -0.0797614      7.49942      5.85043
  -0.0113162    0.0211996    -0.999711
    0.970853    -0.239139   -0.0160606
    -0.23941    -0.970754   -0.0178756
  -0.0797744      7.49276      5.85599
 -0.00501077   0.00694747    -0.999963
    0.963901    -0.266176  -0.00667938
   -0.266213    -0.963899  -0.00536293
   -0.080069      7.54161      5.85481
 -0.00504283   0.00707396    -0.999962
    0.963899    -0.266184  -0.00674401
   -0.266222    -0.963896  -0.00547626
  -0.0802697      7.57115      5.83174
 -0.00470792   0.00754334     -0.99996
     0.95011    -0.311841  -0.00682564
    -0.31188    -0.950104  -0.00569888
  -0.0805744      7.59748      5.85309
 -0.00462037   0.00755332    -0.999961
    0.950203    -0.311559  -0.00674386
   -0.311598    -0.950197  -0.00573767
  -0.0806454      7.62581       5.8177
 -0.00425507   0.00750914    -0.999963
    0.929524    -0.368702  -0.00672407
   -0.368738    -0.929517  -0.00541107
  -0.0807644      7.64233      5.83116
    -0.00419   0.00825973    -0.999957
    0.928396    -0.371526  -0.00695898
   -0.371568    -0.928386  -0.00611161
  -0.0806622      7.64746      5.79454
 -0.00375785   0.00846533    -0.999957
    0.907638    -0.419695  -0.00696393
   -0.419736    -0.907626   -0.0061063
  -0.0808138      7.63501      5.83218
 -0.00527906    0.0208032     -0.99977
    0.912637    -0.408553   -0.0133201
   -0.408736    -0.912498    -0.016829
  -0.0807874      7.64132      5.81285
 -0.00367923   0.00838436    -0.999958
    0.905104    -0.425135  -0.00689486
   -0.425175    -0.905091  -0.00602455
  -0.0808184      7.65912      5.80677
 -0.00315401   0.00857869    -0.999958
    0.877247     -0.47999  -0.00688482
   -0.480029    -0.877232  -0.00601173
  -0.0808255      7.67288      5.79318
  -0.0030904   0.00833514     -0.99996
     0.87555    -0.483081  -0.00673261
   -0.483118    -0.875536  -0.00580492
  -0.0806944      7.70721      5.74412
  -0.0024276   0.00892738    -0.999957
    0.833488    -0.552494    -0.006956
   -0.552532    -0.833469  -0.00609963
  -0.0808935      7.70755      5.76367
 -0.00240182   0.00909049    -0.999956
    0.829342    -0.558697  -0.00707108
   -0.558736    -0.829322  -0.00619723
  -0.0809357      7.73986      5.73492
 -0.00892706    0.0240736     -0.99967
    0.793734    -0.607877   -0.0217267
   -0.608199    -0.793666   -0.0136815
  -0.0808992      7.73631      5.73927
 -0.00174607   0.00916833    -0.999956
    0.787809     -0.61588  -0.00702247
   -0.615918    -0.787787  -0.00614752
  -0.0809393      7.73921      5.73836
 -0.00170355   0.00872445     -0.99996
     0.78597    -0.618228  -0.00673291
   -0.618262    -0.785951  -0.00580398
  -0.0808302      7.76558      5.70108
 -0.00113906   0.00897829    -0.999959
    0.746433    -0.665425  -0.00682489
   -0.665459     -0.74641  -0.00594374
  -0.0808775      7.77394      5.69862
 -0.00101081    0.0092714    -0.999957
    0.740362    -0.672172  -0.00698064
   -0.672208    -0.740337  -0.00618475
  -0.0810568      7.80635      5.67767
 -0.00074052   0.00911178    -0.999958
     0.71677    -0.697275  -0.00688449
   -0.697309    -0.716745   -0.0060147
  -0.0810721      7.80908       5.6801
-0.000840886   0.00871728    -0.999962
    0.721127    -0.692771  -0.00664572
   -0.692802    -0.721105  -0.00570373
  -0.0806918       7.8119      5.64943
-0.000862727   0.00866449    -0.999962
