    0.999492    -0.031859  0.000844674
   -0.031859    -0.999492  2.17225e-05
 0.000843553  -4.8622e-05           -1
           0            0            0
    0.999572   -0.0292511  0.000913667
  -0.0292508    -0.999572  -0.00025606
 0.000920766  0.000229225           -1
  0.00151925  -0.00158581  7.86403e-06
    0.999651   -0.0263997    0.0009834
  -0.0263991    -0.999651 -0.000533653
 0.000997145  0.000507506    -0.999999
  0.00322748  -0.00303128  1.60261e-05
    0.999715   -0.0238521   0.00105387
  -0.0238512    -0.999715 -0.000811055
  0.00107292  0.000785688    -0.999999
  0.00514017  -0.00382412  2.41764e-05
    0.999814   -0.0192473   0.00111243
  -0.0192469    -0.999815 -0.000352453
  0.00111901  0.000330977    -0.999999
  0.00747666  -0.00562684  3.71782e-05
    0.999718   -0.0237145   0.00107076
  -0.0237141    -0.999719 -0.000391766
  0.00107975  0.000366264    -0.999999
  0.00929683  -0.00642702  5.55807e-05
    0.999738   -0.0228733   0.00109813
  -0.0228728    -0.999738  -0.00046307
  0.00110844  0.000437831    -0.999999
   0.0118583  -0.00607652   5.7564e-05
     0.99973   -0.0232029   0.00111781
  -0.0232025    -0.999731 -0.000327973
  0.00112512  0.000301948    -0.999999
   0.0120856  -0.00722701  6.66455e-05
    0.999658   -0.0261308   0.00105852
  -0.0261305    -0.999658 -0.000287482
  0.00106567  0.000259724    -0.999999
  0.00911631  -0.00532582  5.49068e-05
    0.999668   -0.0257548    0.0010267
  -0.0257548    -0.999668 -4.84919e-05
   0.0010276  2.20335e-05    -0.999999
    0.012255  -0.00648078  7.40408e-05
    0.999689   -0.0249347  0.000994729
  -0.0249349    -0.999689  0.000190497
 0.000989669 -0.000215241    -0.999999
   0.0154017  -0.00843891  9.32897e-05
    0.999687   -0.0250097    0.0010023
  -0.0250099    -0.999687  0.000171811
 0.000997694 -0.000196825    -0.999999
   0.0157257  -0.00814769  9.03964e-05
    0.999696   -0.0246205   0.00100987
  -0.0246207    -0.999697  0.000153123
   0.0010058 -0.000177941    -0.999999
    0.014661   -0.0089946  8.59135e-05
    0.999694   -0.0247242   0.00101744
  -0.0247243    -0.999694  0.000134436
  0.00101381  -0.00015955    -0.999999
    0.014087  -0.00930298  8.20173e-05
    0.999694   -0.0247324   0.00102501
  -0.0247325    -0.999694  0.000115755
  0.00102183  -0.00014107    -0.999999
    0.014025  -0.00845923  7.87991e-05
    0.999695   -0.0246561   0.00103257
  -0.0246562    -0.999696   9.7072e-05
  0.00102987 -0.000122502    -0.999999
   0.0134502  -0.00920246  7.48563e-05
    0.999695   -0.0246926   0.00104014
  -0.0246927    -0.999695  7.83942e-05
  0.00103789 -0.000104054    -0.999999
    0.013521  -0.00874435  7.17071e-05
    0.999695   -0.0246734    0.0010477
  -0.0246735    -0.999696  5.97149e-05
  0.00104591 -8.55471e-05    -0.999999
   0.0127965  -0.00948629  6.76295e-05
    0.999694   -0.0247308   0.00105526
  -0.0247308    -0.999694  4.10412e-05
  0.00105393 -6.71261e-05    -0.999999
   0.0124041  -0.00886983  6.39903e-05
    0.999695   -0.0246703   0.00106282
  -0.0246703    -0.999696  2.23665e-05
  0.00106195 -4.85798e-05    -0.999999
   0.0120045  -0.00948856  6.02791e-05
    0.999699   -0.0245258   0.00107038
  -0.0245258    -0.999699  3.69269e-06
  0.00106997 -2.99435e-05    -0.999999
   0.0120509  -0.00968283  5.70609e-05
    0.999694    -0.024713   0.00107794
   -0.024713    -0.999695 -1.49802e-05
  0.00107798 -1.16635e-05    -0.999999
   0.0116449  -0.00999509  5.33627e-05
    0.999694   -0.0247329    0.0010855
  -0.0247329    -0.999694 -3.36476e-05
    0.001086   6.7898e-06    -0.999999
   0.0116037  -0.00937511  5.00476e-05
    0.999698   -0.0245312   0.00109306
  -0.0245311    -0.999699 -5.23178e-05
  0.00109401  2.54881e-05    -0.999999
   0.0119936   -0.0102277  4.72389e-05
    0.999696   -0.0246318   0.00110062
  -0.0246318    -0.999697 -7.09843e-05
  0.00110204  4.38525e-05    -0.999999
   0.0120068  -0.00986929  4.39747e-05
    0.999715   -0.0238466   0.00114166
  -0.0238463    -0.999716 -0.000258272
   0.0011475  0.000230974    -0.999999
   0.0130164   -0.0106639  4.15458e-05
    0.999692   -0.0247913   0.00107908
  -0.0247913    -0.999693  1.79624e-05
  0.00107831 -4.47087e-05    -0.999999
   0.0151167   -0.0106979  4.44544e-05
    0.999691   -0.0248331   0.00107071
   -0.024833    -0.999692 -5.61333e-05
  0.00107177   2.9527e-05    -0.999999
   0.0143823  -0.00981985  4.99606e-05
    0.999694    -0.024712   0.00106233
  -0.0247119    -0.999695 -0.000130226
  0.00106522  0.000103935    -0.999999
    0.014416  -0.00941288  5.62932e-05
    0.999744   -0.0226187   0.00114761
  -0.0226176    -0.999744 -0.000918845
   0.0011681  0.000892653    -0.999999
   0.0151542    -0.010354  5.57794e-05
    0.999746   -0.0224927   0.00116638
  -0.0224909    -0.999746  -0.00156755
  0.00120134   0.00154092    -0.999998
   0.0133645  -0.00972058  4.94355e-05
    0.999744   -0.0225854   0.00118514
  -0.0225827    -0.999743  -0.00221625
  0.00123489   0.00218892    -0.999997
   0.0114553   -0.0087178  4.24043e-05
    0.999752   -0.0222264   0.00120389
  -0.0222228    -0.999749  -0.00286495
  0.00126727   0.00283749    -0.999995
  0.00882016  -0.00875119  3.65984e-05
     0.99965   -0.0264197   0.00106103
  -0.0264189    -0.999651  -0.00071323
  0.00107951  0.000684949    -0.999999
  0.00679624  -0.00747351   4.7017e-05
    0.999946    -0.010237    0.0018103
  -0.0102136     -0.99987   -0.0124702
  0.00193772     0.012451    -0.999921
  0.00780533  -0.00710639 -0.000106952
    0.999931   -0.0116409   0.00184503
  -0.0116196     -0.99987   -0.0111774
  0.00197491    0.0111552    -0.999936
   0.0116668  -0.00676706  3.97938e-05
    0.999649    -0.026457   0.00107114
  -0.0264569     -0.99965 -0.000160269
  0.00107501  0.000131873    -0.999999
   0.0166379   -0.0059912  4.38551e-05
    0.999697   -0.0245887   0.00115124
  -0.0245871    -0.999697  -0.00135821
  0.00118429   0.00132949    -0.999998
  0.00996208  -0.00707694  4.45259e-05
     0.99991   -0.0132969     0.001799
  -0.0132779     -0.99986   -0.0101624
  0.00193387    0.0101376    -0.999947
   0.0131174  -0.00647251  1.53875e-05
    0.999664   -0.0258827   0.00107149
  -0.0258825    -0.999665 -0.000173691
  0.00107562    0.0001459    -0.999999
  0.00389123  -0.00694269   4.7373e-05
    0.999901   -0.0140134   0.00134622
  -0.0140004    -0.999859  -0.00925036
  0.00147566    0.0092306    -0.999956
  0.00357524  -0.00467797  8.49987e-05
    0.999545   -0.0301422  0.000910198
  -0.0301421    -0.999546 -0.000205226
  0.00091597  0.000177698           -1
  0.00296299  -0.00241282  1.81346e-05
    0.999524   -0.0308481  0.000873582
   -0.030848    -0.999524 -0.000129981
 0.000877176  0.000102971           -1
 0.000707577  -0.00119092  6.19489e-06
    0.999891   -0.0146785   0.00161858
  -0.0146642    -0.999856   -0.0085254
  0.00174349   0.00850074    -0.999962
   0.0019124   -0.0019019 -7.83119e-06
     0.99972   -0.0236534   0.00105442
  -0.0236525     -0.99972 -0.000847268
  0.00107417   0.00082209    -0.999999
  0.00462204  -0.00443629  2.38179e-05
    0.999884   -0.0151383   0.00170742
  -0.0151239    -0.999852  -0.00819721
  0.00183126   0.00817043    -0.999965
  0.00593545  -0.00492146  1.96076e-05
    0.999808   -0.0195793   0.00111468
  -0.0195788    -0.999808 -0.000455659
  0.00112339  0.000433747    -0.999999
  0.00731964  -0.00551842  3.71402e-05
     0.99971   -0.0240753   0.00106836
  -0.0240748     -0.99971  -0.00041046
  0.00107793   0.00038462    -0.999999
  0.00808813  -0.00614316  5.12959e-05
    0.999883   -0.0151989   0.00160579
  -0.0151859    -0.999854  -0.00778674
  0.00172391   0.00776144    -0.999968
  0.00816972  -0.00567003  6.84294e-05
    0.999654   -0.0262813   0.00105717
   -0.026281    -0.999655 -0.000297248
  0.00106461  0.000269362    -0.999999
   0.0082633  -0.00520036  5.19582e-05
    0.999721   -0.0235925   0.00106977
  -0.0235921    -0.999722 -0.000371493
  0.00107823  0.000346151    -0.999999
   0.0102986   -0.0066969  6.10709e-05
    0.999885   -0.0150508    0.0017237
  -0.0150376     -0.99986  -0.00739887
  0.00183482    0.0073721    -0.999971
   0.0093108  -0.00594738  6.21454e-05
    0.999741   -0.0227385   0.00109852
   -0.022738    -0.999741 -0.000473227
  0.00110899  0.000448127    -0.999999
   0.0120026  -0.00610096  5.69678e-05
    0.999894   -0.0144439   0.00203022
   -0.014428    -0.999867  -0.00763534
  0.00214023   0.00760523    -0.999969
   0.0116864   -0.0064979  3.36633e-05
    0.999742   -0.0226945   0.00112431
  -0.0226941    -0.999742 -0.000390793
  0.00113289  0.000365177    -0.999999
   0.0115393  -0.00688344  6.13635e-05
    0.999827   -0.0185682   0.00111499
   -0.018568    -0.999828 -0.000224729
  0.00111897  0.000203987    -0.999999
  0.00768283  -0.00577125  3.67412e-05
    0.999899   -0.0140367   0.00199067
  -0.0140206    -0.999871  -0.00785661
   0.0021007   0.00782791    -0.999967
   0.0101882  -0.00651087  4.48125e-06
    0.999733   -0.0230618   0.00111942
  -0.0230614    -0.999734  -0.00037248
  0.00112771  0.000346565    -0.999999
    0.012571  -0.00748748  7.16297e-05
    0.999689   -0.0249298   0.00100989
    -0.02493    -0.999689  0.000262708
  0.00100303 -0.000287803    -0.999999
   0.0162222  -0.00907108  0.000101459
     0.99992   -0.0125337   0.00165578
  -0.0125257     -0.99991   -0.0047216
  0.00171481   0.00470048    -0.999987
   0.0143602  -0.00837771  0.000154398
    0.999719    -0.023683   0.00111363
  -0.0236828     -0.99972 -0.000215982
  0.00111844  0.000189547    -0.999999
   0.0123697    -0.007586  6.86624e-05
    0.999689   -0.0249102  0.000977621
  -0.0249104     -0.99969  0.000130968
 0.000974055 -0.000155281           -1
   0.0148945  -0.00768772  8.71324e-05
     0.99993   -0.0116526   0.00189388
  -0.0116435    -0.999921  -0.00473505
  0.00194891   0.00471267    -0.999987
   0.0135562  -0.00761864  5.72822e-05
    0.999546   -0.0301301  0.000923747
  -0.0301302    -0.999546  5.19955e-05
 0.000921761 -7.98045e-05           -1
  0.00494636   -0.0031084  3.29358e-05
    0.999946   -0.0101878   0.00190293
  -0.0101769    -0.999932  -0.00564451
   0.0019603   0.00562484    -0.999982
  0.00866211  -0.00610366  1.73166e-05
    0.999694   -0.0247116   0.00108791
  -0.0247115    -0.999695 -2.67241e-05
  0.00108824 -1.67962e-07    -0.999999
   0.0119295  -0.00908965  5.15666e-05
    0.999714   -0.0238753   0.00113948
   -0.023875    -0.999715 -0.000266856
  0.00114552  0.000239575    -0.999999
   0.0124879   -0.0102758   4.3103e-05
    0.999939   -0.0109215   0.00188235
    -0.01091    -0.999922  -0.00601863
  0.00194794   0.00599772     -0.99998
   0.0114141   -0.0101117  5.54054e-05
    0.999688   -0.0249469    0.0010924
   -0.024947    -0.999689  4.35321e-05
  0.00109098 -7.07706e-05    -0.999999
   0.0104039   -0.0101282  3.53504e-05
    0.999719   -0.0236668   0.00114614
  -0.0236665     -0.99972 -0.000290815
   0.0011527  0.000263609    -0.999999
   0.0110796   -0.0105634  3.89322e-05
    0.999939   -0.0109103   0.00196246
  -0.0108981    -0.999922  -0.00612592
  0.00202914   0.00610416    -0.999979
   0.0109938   -0.0101919  2.14909e-05
    0.999705   -0.0242817   0.00111995
  -0.0242815    -0.999705 -0.000221457
    0.001125  0.000194198    -0.999999
   0.0109191   -0.0098216  4.19494e-05
    0.999717   -0.0237691   0.00114448
  -0.0237688    -0.999717 -0.000239954
  0.00114986  0.000212683    -0.999999
   0.0122965   -0.0109127  3.85373e-05
    0.999942   -0.0105725   0.00185215
  -0.0105596    -0.999921  -0.00686585
  0.00192459   0.00684589    -0.999975
   0.0116324   -0.0104017  4.53089e-05
    0.999705   -0.0242591   0.00108512
  -0.0242592    -0.999706  8.80827e-05
  0.00108267 -0.000114381    -0.999999
   0.0147221   -0.0119719   4.4336e-05
    0.999945   -0.0103533   0.00176662
  -0.0103396    -0.999918  -0.00756786
  0.00184482   0.00754918     -0.99997
   0.0136783   -0.0111359  4.59551e-05
    0.999745   -0.0225453   0.00115092
  -0.0225442    -0.999745 -0.000925727
   0.0011715  0.000899544    -0.999999
   0.0127693   -0.0103851  5.32007e-05
    0.999691   -0.0248395   0.00105776
  -0.0248394    -0.999691  -9.5055e-05
   0.0010598  6.87514e-05    -0.999999
   0.0101144  -0.00926436  5.23684e-05
    0.999951  -0.00977836   0.00169769
 -0.00976468    -0.999921  -0.00789001
   0.0017747   0.00787304    -0.999967
    0.011381  -0.00987986  8.49295e-05
    0.999544   -0.0301726  0.000900331
  -0.0301726    -0.999545 -4.20358e-05
  0.00090119  1.48513e-05           -1
  0.00327953  -0.00310766  1.53621e-05
    0.999651   -0.0263941   0.00107215
   -0.026394    -0.999652  -7.7127e-05
  0.00107381  4.88018e-05    -0.999999
    0.010759  -0.00600265  2.45983e-05
    0.999956  -0.00920274   0.00183462
 -0.00918821    -0.999928  -0.00777806
  0.00190606   0.00776087    -0.999968
  0.00709934  -0.00485902  2.68912e-05
    0.999537   -0.0304043  0.000907553
  -0.0304043    -0.999538 -6.90555e-05
 0.000909233  4.14301e-05           -1
  0.00306419  -0.00321544  1.42635e-05
    0.999677   -0.0254003   0.00107035
  -0.0254002    -0.999677 -3.49102e-05
  0.00107089  7.71188e-06    -0.999999
    0.009959  -0.00906971  3.81045e-05
    0.999963  -0.00833601   0.00195853
 -0.00832144    -0.999938  -0.00733153
  0.00201952   0.00731497    -0.999971
  0.00653249  -0.00635779 -1.57503e-05
    0.999635   -0.0269776    0.0010396
  -0.0269772    -0.999636 -0.000392739
  0.00104981   0.00036455    -0.999999
  0.00324226   -0.0072693  4.69046e-05
    0.999662   -0.0259586   0.00107106
  -0.0259586    -0.999663 -7.81442e-06
   0.0010709 -1.99914e-05    -0.999999
  0.00223205  -0.00702013  4.81787e-05
    0.999962  -0.00854319   0.00179913
 -0.00853016    -0.999938  -0.00712975
  0.00185992   0.00711413    -0.999973
  0.00141079   -0.0047214   0.00012129
    0.999559   -0.0296853  0.000932886
  -0.0296851    -0.999559 -0.000251353
 0.000939936  0.000223549           -1
  0.00184617  -0.00290182  2.28436e-05
    0.999531   -0.0306238  0.000884479
  -0.0306237    -0.999531 -0.000145068
 0.000888506  0.000117913           -1
  0.00106601  -0.00128144  1.02472e-05
    0.999695   -0.0246755    0.0010582
  -0.0246751    -0.999695 -0.000344698
  0.00106638  0.000318481    -0.999999
  0.00686132   -0.0056687  4.77842e-05
    0.999636   -0.0269629   0.00104169
  -0.0269628    -0.999636 -0.000128915
  0.00104479  0.000100781    -0.999999
  0.00824939  -0.00458104  4.90617e-05
    0.999552   -0.0298994  0.000922453
  -0.0298992    -0.999553 -0.000189552
 0.000927708  0.000161886           -1
  0.00451759  -0.00275947  2.32947e-05
    0.999634   -0.0270433   0.00105167
  -0.0270433    -0.999634  6.86771e-05
  0.00104943 -9.70927e-05    -0.999999
   0.0202614   -0.0055221  5.92875e-05
    0.999556   -0.0297952  0.000924523
   -0.029795    -0.999556 -0.000202054
 0.000930133  0.000174418           -1
  0.00590336  -0.00257004  2.47383e-05
    0.999739   -0.0228048   0.00108878
  -0.0228044     -0.99974 -0.000407507
  0.00109779  0.000382572    -0.999999
   0.0129138  -0.00551068  5.63372e-05
    0.999744   -0.0225849   0.00112198
  -0.0225845    -0.999745 -0.000373755
  0.00113013  0.000348321    -0.999999
   0.0119972  -0.00643083  5.95081e-05
    0.999845   -0.0175622   0.00110668
  -0.0175622    -0.999846  6.16214e-06
   0.0011064 -2.55968e-05    -0.999999
  0.00801891  -0.00548981  3.28385e-05
    0.999726   -0.0233641   0.00106916
  -0.0233637    -0.999727 -0.000321778
  0.00107638  0.000296711    -0.999999
   0.0112749  -0.00682877  6.27462e-05
    0.999683   -0.0251419   0.00101867
  -0.0251423    -0.999684  0.000360544
  0.00100929 -0.000386042    -0.999999
   0.0182078  -0.00893173  0.000103712
    0.999727   -0.0233236   0.00110949
  -0.0233233    -0.999728 -0.000307595
  0.00111636  0.000281634    -0.999999
   0.0141056  -0.00758999    7.783e-05
    0.999684   -0.0251239  0.000999913
  -0.0251242    -0.999684  0.000342921
 0.000990981 -0.000367935    -0.999999
     0.01656  -0.00952433  0.000112904
    0.999721   -0.0235756   0.00106113
  -0.0235753    -0.999722 -0.000316327
  0.00106829  0.000291223    -0.999999
   0.0116564  -0.00696736  6.73067e-05
    0.999679   -0.0253273  0.000947703
  -0.0253275    -0.999679  0.000145434
 0.000943715  -0.00016939           -1
   0.0163941   -0.0074488  8.82067e-05
    0.999693   -0.0247586    0.0011003
  -0.0247584    -0.999693 -0.000183481
   0.0011045  0.000156183    -0.999999
   0.0183673  -0.00678896  7.58776e-05
    0.999558   -0.0297084  0.000982959
  -0.0297085    -0.999559  0.000148347
 0.000978118 -0.000177484           -1
   0.0154622  -0.00567984   6.6418e-05
    0.999678   -0.0253412   0.00112425
  -0.0253411    -0.999679 -0.000120041
  0.00112693  9.15131e-05    -0.999999
   0.0176902  -0.00700855  7.19251e-05
    0.999657   -0.0261523   0.00106968
  -0.0261524    -0.999658  9.23157e-05
   0.0010669 -0.000120259    -0.999999
   0.0203206  -0.00872148  7.03093e-05
    0.999671     -0.02562   0.00113333
  -0.0256198    -0.999672 -0.000231439
  0.00113889  0.000202327    -0.999999
   0.0195784   -0.0100204  5.28468e-05
    0.999648   -0.0264979   0.00107238
   -0.026498    -0.999649  0.000164487
  0.00106765 -0.000192845    -0.999999
   0.0174503   -0.0101575  5.38446e-05
    0.999684    -0.025106   0.00114512
  -0.0251057    -0.999685 -0.000273975
  0.00115164  0.000245139    -0.999999
   0.0195502   -0.0100129  4.82837e-05
    0.999963  -0.00843247   0.00155395
 -0.00842938    -0.999962  -0.00198758
  0.00157065   0.00197441    -0.999997
   0.0183872  -0.00978994  0.000115885
    0.999629   -0.0272306   0.00109117
  -0.0272308    -0.999629  0.000136297
  0.00108705  -0.00016596    -0.999999
    0.016484  -0.00929298  2.35295e-05
    0.999681   -0.0252344   0.00115116
  -0.0252342    -0.999682 -0.000233924
  0.00115669  0.000204801    -0.999999
   0.0211152   -0.0105798  4.68807e-05
    0.999955  -0.00925625   0.00219615
 -0.00925045    -0.999954  -0.00263595
  0.00222045   0.00261551    -0.999994
   0.0212643   -0.0116442  4.29551e-05
    0.999679   -0.0253025   0.00108795
  -0.0253027     -0.99968  0.000194316
  0.00108268 -0.000221782    -0.999999
   0.0218394   -0.0128146  4.64378e-05
    0.999682   -0.0252048   0.00113672
  -0.0252046    -0.999682 -0.000166802
  0.00114057  0.000138099    -0.999999
   0.0217261   -0.0110665  4.80788e-05
    0.999652   -0.0263413    0.0010756
  -0.0263415    -0.999653  0.000195909
  0.00107006 -0.000224173    -0.999999
   0.0284534   -0.0122091  6.45987e-05
    0.999699   -0.0245131   0.00114764
  -0.0245122    -0.999699 -0.000842236
  0.00116794  0.000813851    -0.999999
   0.0215642   -0.0100348  6.36281e-05
    0.999954  -0.00947412   0.00151355
 -0.00947288    -0.999955 -0.000825628
   0.0015213  0.000811252    -0.999999
   0.0246729    -0.011427  0.000148737
    0.999642   -0.0267265   0.00105068
  -0.0267265    -0.999643  6.00785e-05
   0.0010487 -8.81381e-05    -0.999999
   0.0182976  -0.00946036  6.40258e-05
    0.999965  -0.00828326   0.00134602
 -0.00828381    -0.999966  0.000402215
  0.00134265 -0.000413351    -0.999999
   0.0166056  -0.00720326  0.000402569
     0.99951   -0.0312854  0.000931771
  -0.0312854     -0.99951 -1.10257e-05
  0.00093166 -1.81305e-05           -1
   0.0126572  -0.00396169  3.33361e-05
     0.99961   -0.0279006   0.00107962
  -0.0279007    -0.999611  9.46415e-05
  0.00107656 -0.000124727    -0.999999
   0.0177471  -0.00653902  1.93383e-05
    0.999507   -0.0313948  0.000922093
  -0.0313948    -0.999507 -5.79045e-05
 0.000923457   2.8927e-05           -1
   0.0123941  -0.00463852  2.35216e-05
    0.999622   -0.0274783   0.00105953
  -0.0274784    -0.999622  1.67214e-05
  0.00105867 -4.58292e-05    -0.999999
   0.0177143  -0.00909404  4.60246e-05
    0.999502   -0.0315474  0.000919576
  -0.0315474    -0.999502 -7.02491e-05
 0.000921335  4.12039e-05           -1
   0.0127076  -0.00443431  2.72852e-05
    0.999573   -0.0292057   0.00102389
  -0.0292055    -0.999573 -0.000181045
  0.00102875  0.000151064    -0.999999
   0.0121743  -0.00697897  6.21232e-05
    0.999498   -0.0316743  0.000918268
  -0.0316742    -0.999498 -8.53535e-05
  0.00092051  5.62252e-05           -1
   0.0118521  -0.00379818  2.75246e-05
     0.99958   -0.0289442   0.00103085
  -0.0289439    -0.999581 -0.000320489
   0.0010397  0.000290517    -0.999999
   0.0136743  -0.00687139  5.65838e-05
    0.999514   -0.0311443  0.000943439
  -0.0311441    -0.999515 -0.000231119
 0.000950179  0.000201624           -1
   0.0119739  -0.00367523  3.62299e-05
    0.999617   -0.0276657   0.00106949
   -0.027666    -0.999617  0.000269676
  0.00106162 -0.000299161    -0.999999
   0.0143763  -0.00753132  6.51555e-05
    0.999661   -0.0259965   0.00105746
  -0.0259962    -0.999662 -0.000299352
  0.00106489   0.00027176    -0.999999
   0.0247952  -0.00640843  6.75246e-05
    0.999587   -0.0287103   0.00103141
  -0.0287104    -0.999588  5.30389e-05
  0.00102947 -8.26292e-05    -0.999999
   0.0284264  -0.00507847  6.92313e-05
    0.999596      -0.0284    0.0010505
  -0.0284001    -0.999597  7.89426e-05
  0.00104783 -0.000108745    -0.999999
   0.0437734  -0.00591464  8.50951e-05
    0.999602   -0.0281777   0.00104563
   -0.028178    -0.999603  0.000313419
  0.00103639 -0.000342758    -0.999999
   0.0529052  -0.00627897  0.000107494
    0.999718   -0.0237258   0.00108672
  -0.0237255    -0.999718 -0.000374281
  0.00109529  0.000348392    -0.999999
   0.0428606  -0.00603595  8.96838e-05
    0.999731   -0.0231464   0.00108758
   -0.023146    -0.999732 -0.000386758
  0.00109624  0.000361481    -0.999999
   0.0471687  -0.00593341  9.35413e-05
    0.999913   -0.0131111   0.00106182
  -0.0131112    -0.999914  2.22386e-05
  0.00106144 -3.61584e-05    -0.999999
   0.0503594  -0.00470249  9.26552e-05
    0.999709   -0.0241001     0.001145
  -0.0241004     -0.99971  0.000255616
  0.00113851 -0.000283137    -0.999999
   0.0507787  -0.00846358  5.88278e-05
     0.99961   -0.0279221   0.00102416
  -0.0279225     -0.99961  0.000363081
  0.00101362 -0.000391536    -0.999999
   0.0721953   -0.0107924  0.000153118
    0.999608   -0.0279698   0.00101474
  -0.0279704    -0.999609  0.000522327
 0.000999736 -0.000550505    -0.999999
   0.0862593   -0.0118819  0.000181994
    0.999605   -0.0280737  0.000999713
  -0.0280741    -0.999606   0.00035682
 0.000989301 -0.000384745    -0.999999
   0.0890819   -0.0108078  0.000186203
    0.999589   -0.0286413  0.000980349
  -0.0286418     -0.99959  0.000473751
 0.000966378 -0.000501635    -0.999999
    0.101328   -0.0128311   0.00021292
    0.999606   -0.0280639  0.000904498
  -0.0280641    -0.999606  0.000198821
 0.000898562 -0.000224127           -1
    0.111742   -0.0100381  0.000180417
    0.999954  -0.00893181  -0.00357052
 -0.00891927    -0.999954   0.00351466
 -0.00360175  -0.00348265    -0.999987
    0.109089   -0.0124225  7.48013e-05
    0.999579   -0.0289926   0.00102684
  -0.0289929     -0.99958  0.000274403
  0.00101845 -0.000304058    -0.999999
    0.131055   -0.0107475  0.000202212
    0.999661    -0.026021   0.00114479
   -0.026021    -0.999661 -4.77518e-05
  0.00114564  1.79471e-05    -0.999999
     0.14768  -0.00977508  0.000216544
    0.999947  -0.00960028   0.00368564
 -0.00961456    -0.999946   0.00387662
  0.00364822  -0.00391185    -0.999986
    0.149074    -0.010858  2.70803e-05
    0.999639   -0.0268385    0.0010441
  -0.0268387     -0.99964  0.000237777
  0.00103734 -0.000265714    -0.999999
    0.165941   -0.0118638  0.000236472
    0.999615   -0.0277331   0.00106996
  -0.0277333    -0.999615   0.00017458
   0.0010647 -0.000204186    -0.999999
    0.176341   -0.0128887  0.000226176
    0.999641   -0.0267826   0.00104622
  -0.0267829    -0.999641  0.000316463
  0.00103736  -0.00034437    -0.999999
    0.191052   -0.0151217  0.000248647
    0.999966  -0.00643707   0.00522012
 -0.00645028    -0.999976   0.00251815
  0.00520378  -0.00255173    -0.999983
     0.19379   -0.0135304  5.03395e-05
    0.999542    -0.030237   0.00109694
  -0.0302371    -0.999543  0.000154895
  0.00109176 -0.000187992    -0.999999
    0.206785   -0.0117275   0.00022457
    0.999684    -0.025125   0.00107852
  -0.0251253    -0.999684  0.000268908
  0.00107142 -0.000295921    -0.999999
    0.213457   -0.0143923  0.000221344
    0.999976  0.000798826   0.00684644
 0.000778099    -0.999995   0.00302945
  0.00684882  -0.00302405    -0.999972
     0.22352   -0.0171272  9.15861e-05
     0.99974   -0.0227862   0.00115153
  -0.0227865     -0.99974  0.000211846
  0.00114641 -0.000238031    -0.999999
    0.235756   -0.0183106  0.000275682
    0.999837   -0.0180298    0.0011348
  -0.0180296    -0.999837 -0.000129282
  0.00113695  0.000108801    -0.999999
    0.247914   -0.0167282   0.00030431
    0.999836   -0.0180966   0.00107949
   -0.018097    -0.999836   0.00029201
  0.00107403 -0.000311497    -0.999999
    0.264501   -0.0176864  0.000316676
    0.999905   -0.0137645   0.00106485
  -0.0137648    -0.999905  0.000228423
  0.00106161 -0.000243058    -0.999999
    0.276875    -0.018095  0.000331156
      0.9999   -0.0141256   0.00106099
  -0.0141258      -0.9999  0.000243938
  0.00105743 -0.000258901    -0.999999
    0.298267   -0.0171211  0.000358959
    0.999892   -0.0146862   0.00104803
  -0.0146864    -0.999892  0.000162647
  0.00104553 -0.000178021    -0.999999
    0.288774     -0.01677  0.000350272
    0.999895   -0.0144241   0.00104207
  -0.0144242    -0.999896  0.000155766
  0.00103972 -0.000170781    -0.999999
    0.306896   -0.0160237  0.000366028
    0.999738   -0.0228796  0.000944912
  -0.0228797    -0.999738  7.41442e-06
 0.000944495 -2.90318e-05           -1
    0.316267   -0.0131849  0.000321708
    0.999788   -0.0205599   0.00111379
  -0.0205602    -0.999789  0.000234336
  0.00110874 -0.000257186    -0.999999
    0.334944   -0.0160871  0.000347878
      0.9998   -0.0199467   0.00107282
  -0.0199468    -0.999801  0.000139289
  0.00106983  -0.00016066    -0.999999
    0.352893   -0.0162383  0.000378039
    0.999765   -0.0216583   0.00106031
  -0.0216583    -0.999765  3.23752e-05
  0.00105936 -5.53322e-05    -0.999999
    0.370204   -0.0169709  0.000417424
    0.999678   -0.0253542   0.00106074
  -0.0253543    -0.999679  6.06972e-05
  0.00105886  -8.7572e-05    -0.999999
    0.388241   -0.0167865  0.000442597
    0.999737   -0.0229061   0.00106606
  -0.0229064    -0.999738  0.000277608
  0.00105942 -0.000301954    -0.999999
    0.407276   -0.0198096  0.000459554
    0.999663   -0.0259555    0.0010137
  -0.0259555    -0.999663  2.06395e-05
  0.00101283 -4.69437e-05    -0.999999
    0.419566   -0.0193613  0.000493389
    0.999712   -0.0239898   0.00103316
    -0.02399    -0.999712   0.00026679
  0.00102647 -0.000291499    -0.999999
     0.45117   -0.0216231  0.000513552
    0.999698   -0.0245369   0.00103078
  -0.0245366    -0.999699 -0.000264165
  0.00103695  0.000238793    -0.999999
    0.457465   -0.0185386  0.000520512
    0.999696   -0.0246371   0.00102539
  -0.0246375    -0.999696  0.000349399
  0.00101647 -0.000374556    -0.999999
    0.470505    -0.018522   0.00056723
    0.999756   -0.0220744    0.0010439
  -0.0220748    -0.999756  0.000360193
  0.00103569 -0.000383149    -0.999999
    0.491111   -0.0206951  0.000575337
    0.999752   -0.0222275   0.00114147
   -0.022228    -0.999753  0.000429729
  0.00113164 -0.000454995    -0.999999
    0.518736   -0.0174589   0.00058819
    0.999742   -0.0226719   0.00101966
  -0.0226722    -0.999743  0.000251055
   0.0010137 -0.000274108    -0.999999
    0.538592    -0.018765  0.000593569
    0.999764   -0.0216955  0.000984485
  -0.0216959    -0.999765  0.000374073
 0.000976137 -0.000395344    -0.999999
    0.573054   -0.0197694  0.000654496
     0.99981   -0.0194853   0.00105803
  -0.0194858     -0.99981  0.000484745
  0.00104839 -0.000505269    -0.999999
    0.615205   -0.0221999  0.000693034
    0.999957  0.000909285   0.00923005
 0.000893567    -0.999998   0.00170688
  0.00923159  -0.00169856    -0.999956
    0.616115   -0.0237787   0.00110526
    0.999822   -0.0188299   0.00107769
  -0.0188303    -0.999823  0.000371813
   0.0010705  -0.00039204    -0.999999
    0.604644   -0.0204124  0.000685888
      0.9999   -0.0140762   0.00121112
  -0.0140769    -0.999901  0.000510764
  0.00120381 -0.000527762    -0.999999
    0.617728    -0.021657   0.00067509
    0.999981   1.1142e-05   0.00621201
 1.51339e-06    -0.999999      0.00155
  0.00621202  -0.00154996     -0.99998
    0.638019   -0.0234005  0.000758988
    0.999862   -0.0165847   0.00104119
  -0.0165854    -0.999862  0.000661059
  0.00103008 -0.000678237    -0.999999
    0.658993   -0.0251369  0.000744651
    0.999912   -0.0132371  0.000978685
  -0.0132377    -0.999912  0.000561548
 0.000971166 -0.000574454    -0.999999
    0.652077   -0.0267383  0.000771349
    0.999894   -0.0145305  0.000963106
   -0.014531    -0.999894  0.000525933
 0.000955362 -0.000539872    -0.999999
    0.699055   -0.0260888  0.000814673
    0.999983  0.000205524   0.00574444
 0.000192162    -0.999997   0.00232653
   0.0057449  -0.00232539    -0.999981
    0.707541   -0.0266907  0.000834596
     0.99991   -0.0133807   0.00101938
  -0.0133813     -0.99991  0.000532605
  0.00101216 -0.000546198    -0.999999
    0.728823   -0.0277796  0.000821587
    0.999877   -0.0156277   0.00105468
  -0.0156281    -0.999878  0.000326487
  0.00104945  -0.00034293    -0.999999
     0.74546   -0.0253877  0.000830336
    0.999893   -0.0146171   0.00102814
  -0.0146175    -0.999893  0.000368328
  0.00102264 -0.000383317    -0.999999
     0.76753   -0.0267503  0.000873678
    0.999991   0.00104061    0.0041171
  0.00103058    -0.999996   0.00243709
  0.00411962  -0.00243282    -0.999989
    0.755421   -0.0266108  0.000751271
    0.999914    -0.013047    0.0010248
  -0.0130473    -0.999915  0.000295818
  0.00102085 -0.000309163    -0.999999
    0.788296    -0.026734  0.000888054
    0.999913   -0.0131742  0.000987904
  -0.0131745    -0.999913  0.000304022
 0.000983813  -0.00031701    -0.999999
    0.813545   -0.0258674  0.000925402
    0.999913   -0.0131295   0.00102147
  -0.0131299    -0.999914  0.000370825
  0.00101651 -0.000384205    -0.999999
    0.829145   -0.0288571  0.000928802
    0.999899   -0.0141821   0.00102091
  -0.0141825    -0.999899  0.000393855
  0.00101522 -0.000408294    -0.999999
    0.843678   -0.0292833  0.000939033
    0.999906   -0.0136891   0.00103456
  -0.0136894    -0.999906  0.000341751
  0.00102978 -0.000355881    -0.999999
    0.862387   -0.0300184  0.000941704
    0.999912   -0.0132487   0.00105073
  -0.0132491    -0.999912  0.000318729
  0.00104641 -0.000332622    -0.999999
    0.877525   -0.0280762  0.000930922
    0.999899    -0.014206   0.00106916
  -0.0142063    -0.999899  0.000280803
  0.00106507 -0.000295964    -0.999999
     0.89628   -0.0272743  0.000952787
    0.999913   -0.0131742   0.00105627
  -0.0131745    -0.999913  0.000294506
   0.0010523 -0.000308396    -0.999999
    0.917259   -0.0287026  0.000973474
     0.99991    -0.013391   0.00107554
  -0.0133913     -0.99991  0.000297557
  0.00107146 -0.000311933    -0.999999
    0.935683   -0.0280919  0.000990688
    0.999932   -0.0116092   0.00104001
  -0.0116096    -0.999933  0.000351193
  0.00103586 -0.000363243    -0.999999
    0.961448   -0.0306079   0.00106316
     0.99992   -0.0126072   0.00105345
  -0.0126075     -0.99992  0.000257044
  0.00105013 -0.000270305    -0.999999
    0.985782   -0.0301788   0.00108346
    0.999898   -0.0142285   0.00104284
  -0.0142288    -0.999899  0.000296814
  0.00103851 -0.000311622    -0.999999
     1.02969   -0.0325641   0.00113681
    0.999889   -0.0148417   0.00104295
   -0.014842     -0.99989  0.000261594
  0.00103895 -0.000277044    -0.999999
     1.00979   -0.0313058   0.00110651
    0.999904   -0.0137819   0.00103423
  -0.0137822    -0.999905  0.000247997
  0.00103071 -0.000262227    -0.999999
     1.04361   -0.0303387   0.00113573
    0.999885   -0.0151284   0.00104319
  -0.0151286    -0.999886  0.000166237
  0.00104056    -0.000182    -0.999999
     1.06081   -0.0301276    0.0011488
    0.999838   -0.0179809   0.00107543
  -0.0179812    -0.999838  0.000297215
  0.00106991 -0.000316504    -0.999999
     1.07865   -0.0310498    0.0011549
    0.999884   -0.0152235   0.00107476
  -0.0152237    -0.999884  0.000191089
  0.00107173 -0.000207429    -0.999999
     1.11327   -0.0315149   0.00119018
    0.999873   -0.0158911   0.00106098
  -0.0158912    -0.999874  4.13643e-05
  0.00106019 -5.82193e-05    -0.999999
     1.13561   -0.0312972   0.00122784
    0.999884   -0.0152136   0.00106039
  -0.0152137    -0.999884  7.43203e-05
  0.00105913  -9.0444e-05    -0.999999
     1.15988   -0.0326658   0.00125899
    0.999941   -0.0108379    0.0010522
  -0.0108384    -0.999941  0.000384102
  0.00104798 -0.000395484    -0.999999
     1.18343   -0.0350286   0.00127586
    0.999879   -0.0155083  0.000988263
  -0.0155085     -0.99988  0.000197777
 0.000985077  -0.00021308    -0.999999
     1.20593   -0.0341668     0.001305
     0.99994   -0.0109245  0.000965342
  -0.0109249     -0.99994   0.00036012
  0.00096135 -0.000370645    -0.999999
     1.22318    -0.036502   0.00131241
    0.999994  0.000119368  -0.00339264
 0.000125936    -0.999998   0.00193581
  -0.0033924  -0.00193623    -0.999992
     1.22491   -0.0360301   0.00121075
    0.999887   -0.0150347  0.000963497
  -0.0150351    -0.999887  0.000459099
 0.000956485 -0.000473534    -0.999999
     1.25844   -0.0338582   0.00139088
    0.999907   -0.0136323   0.00095873
  -0.0136327    -0.999907  0.000389851
 0.000953327 -0.000402884    -0.999999
      1.2886   -0.0316137   0.00141096
    0.999977  -0.00320278  -0.00589495
 -0.00319838    -0.999995  0.000756724
 -0.00589735 -0.000737852    -0.999982
     1.28326   -0.0328654   0.00144251
    0.999881   -0.0153712   0.00100762
  -0.0153717    -0.999882  0.000434169
  0.00100082 -0.000449607    -0.999999
     1.31944   -0.0328594   0.00138133
     0.99989   -0.0148191   0.00091058
  -0.0148195     -0.99989  0.000435495
 0.000904027 -0.000448942    -0.999999
     1.35808   -0.0331329   0.00143173
    0.999967  -0.00564261  -0.00576918
 -0.00564014    -0.999984   0.00044514
  -0.0057716 -0.000412587    -0.999983
     1.35217   -0.0343726   0.00145004
    0.999885   -0.0151352  0.000969794
  -0.0151359    -0.999885  0.000641635
 0.000959971  -0.00065624    -0.999999
     1.37381   -0.0357731    0.0014863
    0.999897   -0.0143341   0.00100569
  -0.0143345    -0.999897  0.000404497
 0.000999791 -0.000418871    -0.999999
     1.40358   -0.0336642   0.00154516
    0.999968  -0.00584846  -0.00538403
  -0.0058391    -0.999981   0.00175409
 -0.00539419  -0.00172259    -0.999984
     1.40298   -0.0326083   0.00161782
    0.999921   -0.0125552   0.00112461
  -0.0125558    -0.999921  0.000534617
  0.00111781 -0.000548694    -0.999999
     1.42453   -0.0306266   0.00163208
    0.999865   -0.0163881   0.00101171
   -0.016389    -0.999865   0.00082327
 0.000998081  -0.00083974    -0.999999
     1.46774   -0.0386307   0.00156806
    0.999894   -0.0145345  0.000880165
  -0.0145351    -0.999894  0.000606167
 0.000871261 -0.000618896    -0.999999
      1.4711   -0.0386906   0.00157234
    0.999891   -0.0147471    0.0008872
  -0.0147476    -0.999891  0.000564126
 0.000878784 -0.000577149    -0.999999
     1.51566   -0.0388786   0.00161846
    0.999892   -0.0146843  0.000943691
  -0.0146847    -0.999892  0.000517499
  0.00093599   -0.0005313    -0.999999
     1.55049   -0.0379033   0.00162773
    0.999918   -0.0127546   0.00100456
  -0.0127552    -0.999918  0.000581188
 0.000997069 -0.000593954    -0.999999
     1.59014   -0.0398692   0.00169165
    0.999869   -0.0161224   0.00104924
  -0.0161227     -0.99987  0.000342434
  0.00104359 -0.000359306    -0.999999
     1.61387   -0.0366466    0.0017424
    0.999919   -0.0126944  0.000981691
  -0.0126948    -0.999919  0.000427601
 0.000976183 -0.000440028    -0.999999
     1.64812   -0.0387276    0.0018022
    0.999898   -0.0142191   0.00102536
  -0.0142195    -0.999899  0.000368961
  0.00102001 -0.000383503    -0.999999
     1.67724   -0.0379312   0.00180622
    0.999903   -0.0138858   0.00101298
  -0.0138861    -0.999904   0.00032316
   0.0010084 -0.000337195    -0.999999
     1.71415    -0.038565   0.00183492
    0.999917   -0.0128715  0.000945098
  -0.0128718    -0.999917  0.000337658
 0.000940674 -0.000349795    -0.999999
     1.74927   -0.0371722   0.00185811
    0.999914   -0.0130921  0.000982652
  -0.0130925    -0.999914  0.000427416
 0.000976972 -0.000440245    -0.999999
     1.78529   -0.0360575   0.00191932
    0.999927   -0.0120803  0.000987656
  -0.0120808    -0.999927  0.000473163
 0.000981868  -0.00048506    -0.999999
     1.80882   -0.0393273   0.00193517
    0.999911   -0.0132793   0.00102544
  -0.0132796    -0.999912  0.000365781
  0.00102049 -0.000379367    -0.999999
     1.83908   -0.0383346   0.00194621
    0.999906    -0.013687   0.00102817
  -0.0136874    -0.999906  0.000369215
  0.00102302 -0.000383254    -0.999999
     1.86526   -0.0365403   0.00196064
    0.999923   -0.0123738   0.00106579
  -0.0123741    -0.999923  0.000286548
  0.00106216 -0.000299714    -0.999999
     1.89836   -0.0366976   0.00201829
    0.999932   -0.0116531   0.00103546
  -0.0116534    -0.999932  0.000320597
  0.00103165 -0.000332641    -0.999999
     1.93123   -0.0370587   0.00203906
    0.999956  -0.00927855   0.00108915
  -0.0092789    -0.999957  0.000322839
  0.00108611 -0.000332931    -0.999999
     1.95959   -0.0380692   0.00207669
    0.999968  -0.00789741  0.000996044
 -0.00789782    -0.999969   0.00041764
 0.000992715 -0.000425493    -0.999999
     1.98782   -0.0386822   0.00212978
     0.99997  -0.00764217   0.00104421
 -0.00764246    -0.999971  0.000279065
  0.00104204 -0.000287037    -0.999999
     2.02733   -0.0401719   0.00217718
    0.999972  -0.00739417   0.00101663
 -0.00739454    -0.999973  0.000353425
  0.00101399 -0.000360933    -0.999999
     2.07364    -0.041752   0.00223011
    0.999982  -0.00586949   0.00103545
 -0.00586986    -0.999983  0.000359499
  0.00103332 -0.000365571    -0.999999
      2.0669   -0.0419708   0.00220894
    0.999988  -0.00480617   0.00100822
 -0.00480644    -0.999988  0.000268211
  0.00100692 -0.000273053    -0.999999
     2.07159   -0.0378268   0.00220029
    0.999995  -0.00273544  -0.00151268
 -0.00273353    -0.999995   0.00126531
 -0.00151614  -0.00126117    -0.999998
     2.07895   -0.0395396    0.0023969
    0.999986  -0.00525278   0.00105885
 -0.00525317    -0.999986  0.000371532
  0.00105688 -0.000377089    -0.999999
     2.13402   -0.0434486   0.00226728
    0.999993  -0.00366621    0.0010874
 -0.00366645    -0.999993  0.000225831
  0.00108656 -0.000229816    -0.999999
     2.12217   -0.0400589   0.00226709
    0.999995  -0.00176051   0.00252467
 -0.00176572    -0.999996   0.00206253
  0.00252103  -0.00206698    -0.999995
     2.13179   -0.0417379   0.00188951
    0.999992  -0.00386483   0.00105176
 -0.00386517    -0.999992  0.000315442
  0.00105053 -0.000319505    -0.999999
     2.17859   -0.0408091   0.00232237
    0.999988  -0.00472551   0.00101627
 -0.00472592    -0.999989  0.000405058
  0.00101434 -0.000409856    -0.999999
     2.23466   -0.0415718   0.00237608
    0.999977  -0.00666752  0.000993554
 -0.00666786    -0.999978   0.00033907
 0.000991271 -0.000345687    -0.999999
     2.26679   -0.0432704   0.00236868
    0.999999 -0.000997177  0.000396382
-0.000997723    -0.999999   0.00137976
 0.000395006  -0.00138015    -0.999999
     2.24638   -0.0424706   0.00248551
    0.999992  -0.00388061  0.000953008
 -0.00388097    -0.999992  0.000375158
 0.000951545 -0.000378854    -0.999999
     2.29488   -0.0412773   0.00236029
    0.999972  -0.00745602   0.00100569
 -0.00745654    -0.999972  0.000510383
  0.00100186 -0.000517867    -0.999999
     2.33063    -0.042599   0.00244978
    0.999977   0.00679083 -0.000422359
  0.00679133    -0.999976   0.00118685
 -0.00041429  -0.00118969    -0.999999
     2.31851   -0.0424789    0.0026375
    0.999972  -0.00746165  0.000939251
