1.0 -1.1107614024015842e-18 -6.251964464020254e-19
-2.811353048233789e-18 1.0000000000000002 -3.034410098925452e-19
1.6658776523322412e-19 4.425577308627878e-19 0.9999999999999999
0.0 0.0 0.0
0.9881950261575484 -0.15316932448900075 0.003115879192456972
0.15314967353296044 0.9881860771415547 0.005687152695269928
-0.003950146722256502 -0.00514281754098972 0.9999787682420962
0.4482165167315334 -0.10539941934314052 0.09258083377171228
0.9693989920295019 -0.24517216576758552 0.012556735866194756
0.24499437122024895 0.9694201148517586 0.0141947845393765
-0.01565299250301853 -0.010684059075048708 0.999820717484554
0.8610423639101752 -0.018211394434227764 0.08596251464951364
0.9418338285658882 -0.33594975188218645 0.00935744908044527
0.33577345406409503 0.9417988676555595 0.01646594706257129
-0.01434462055445646 -0.012366192015211714 0.9998209719629222
1.0514313897978145 -0.01685127542071709 -0.03998531094698064
0.892161773830596 -0.45161067487150036 0.009763739455639941
0.4514758269821549 0.8921830478948013 0.013330572282767189
-0.014731264281982669 -0.007484911298218191 0.999863633121589
1.2149686773924135 0.0944791651598737 -0.07881486486648083
0.8170087772560242 -0.5764815820413123 0.012911931375339953
0.5761430540377677 0.8170360616268306 0.022604558813548534
-0.023580596593854305 -0.011029040384372166 0.9996612456954643
1.4820769447931843 0.18530613735154308 -0.130310689074026
0.7583706799504775 -0.6517494242026576 0.00989100428486198
0.6511496750441129 0.758187913472266 0.03395902788738637
-0.029632011250030125 -0.019312959680504626 0.9993748434191638
1.7040768365169074 0.3925932579092088 -0.13100643404182744
0.6786770676752063 -0.733857123902373 0.029173305359321913
0.7325243998659952 0.6792399747825701 0.04516631743856796
-0.05296137750509083 -0.009283181965686425 0.9985537816051968
2.0209310904893703 0.5177391278884146 -0.22337278828458548
0.5775529765393754 -0.8153373016404984 0.04072243122437662
0.813907715495512 0.5789645799254344 0.048525489816049046
-0.06314152527170333 0.0051182216159167855 0.9979911139120884
2.3471308082915336 0.7284715857935777 -0.1195228957579539
0.5072928024270299 -0.8599578369443468 0.05592746832619892
0.8589208844531732 0.50982388234885 0.04830644881364308
-0.07005469007619874 0.02353167251026362 0.9972653846833931
2.5816581786547754 0.9411310202300847 -0.17155340914457715
0.3708017203633266 -0.9277589887489834 0.042081816827791156
0.926723841810558 0.3725909646938781 0.04855540821420426
-0.06072696972618797 0.020993792634731747 0.997933315417673
2.810593130237116 1.2283596738053206 -0.2908505823150257
0.2729925548929444 -0.9611865711500776 0.03996437285156965
0.9596966059098216 0.2749811419199144 0.05802545438557443
-0.0667627502691813 0.022513170860833303 0.997514610776445
2.903142562176972 1.5063459637940635 -0.33262530562461984
0.11993065440980649 -0.9914215233942548 0.05196339645809349
0.9899553194954281 0.1233719279307209 0.06903708482265215
-0.07485562844443296 0.04316179407999422 0.9962603041165063
3.0146636483003726 1.9777920572345136 -0.39270886187616805
0.02900081095848779 -0.9974213682230542 0.06565959903312735
0.9969311366155112 0.03363970284642846 0.07068618649360033
-0.07271266566432774 0.06340817637537544 0.9953350969025672
3.024279817211393 2.1394360204140153 -0.3817882033885807
-0.10739861620630911 -0.9932934727178995 0.04283551909201344
0.9906175796940624 -0.1032482350122752 0.08953260355818789
-0.0845094292303491 0.05204920495039143 0.9950623713366692
3.1074657771446614 2.594772384646078 -0.35293661929263576
-0.2338968660551512 -0.9705317906468252 0.057970505335170154
0.9696631277666465 -0.22850084571656143 0.08683626009221945
-0.07103111169931837 0.07652257059148518 0.9945348624295594
2.981317149749246 2.878958808485141 -0.4997731679592178
-0.3502122228900754 -0.9353225074986019 0.05024396357862323
0.9340071058960817 -0.3446725965793001 0.09396917203946653
-0.07057374861959818 0.07983735842345861 0.9943064043896321
3.119252600578687 3.2499960486964676 -0.5687106275178833
-0.5278533391544942 -0.8477215103623779 0.052339438984453306
0.8467839925026336 -0.5204944796409625 0.10973571968077869
-0.0657829155123197 0.10224479567926202 0.9925821318141769
3.0640443601543743 3.5771103405381544 -0.6689084271690668
-0.6490774572546562 -0.7594088726239208 0.04470905604665962
0.7581151728958202 -0.640871322025599 0.12060193397908178
-0.06293324092380449 0.11217466182154442 0.9916940749393965
2.7504419148558474 3.90779815898488 -0.575835632455709
-0.6979529959061239 -0.7147588121934233 0.04453305789476863
0.71372951865945 -0.6891507368669376 0.12514626567761747
-0.05875937937062286 0.11913056469974995 0.9911381760387424
2.497452055879549 4.187861817427271 -0.5955369479874808
-0.7865882404552467 -0.6165843133289662 0.033222209543159804
0.61554577520627 -0.7787376295451802 0.121119015196779
-0.048808712590902824 0.1157210502045581 0.992081708413181
2.2672215320269826 4.58175972553652 -0.6814179787253033
-0.8391373695127303 -0.5431604732862483 0.02874756536488874
0.541709187967773 -0.8297987888903035 0.13410301498756255
-0.04898493114303941 0.12810353271034963 0.9905501855328127
1.7315007074218347 4.786562085943454 -0.5682961923338371
-0.8901140339380385 -0.455121526362392 0.02370762863332337
0.4541684155594224 -0.8815316436264706 0.12896735373833368
-0.0377969352242402 0.12556272369408844 0.9913654143823394
1.4235916989991924 5.123594372171168 -0.6106431282463469
-0.9436922227586991 -0.3302419620240426 0.019655341236022295
0.3300899035362805 -0.9359661099711589 0.12250262110377723
-0.02205881401830175 0.12209288455057156 0.9922740591235473
1.1194618116656443 5.390111360414438 -0.537356536023309
-0.9794259254368675 -0.20088396010462642 0.019269165204185885
0.20158276601561576 -0.9693787690146325 0.14024732535467077
-0.009494219019829097 0.14124582108922365 0.9899293786306151
0.7653657756954908 5.514413814761373 -0.5664223812247239
-0.9991841468686319 -0.03918640010897407 0.009865207463893418
0.04021290081291013 -0.988271659613137 0.1473145058296067
0.003976866338457967 0.1475904377096574 0.9890403148247647
0.3233792095286963 5.596059107009094 -0.5580596246697538
-0.9977927740310033 0.06596534721147322 0.007656467091248966
-0.06390376957592045 -0.9851245051760159 0.15951590146445055
0.018065106832728176 0.1586743858614483 0.9871654913025283
-0.08135419082757021 5.654234860778319 -0.554537322832051
-0.9774621029724619 0.21102722160570156 -0.0059700849891382
-0.20928116781647801 -0.9648805430176985 0.15876578167063932
0.027743503174982254 0.1564371707527925 0.9872985211364755
-0.695649140511935 5.720810101234963 -0.5263907728279333
-0.9468058137283407 0.32098102346989754 -0.02305448518627911
-0.32090307323895156 -0.9363509252972533 0.14236605211106165
0.02410984638742105 0.14219162227002693 0.9895454931519793
-1.168354305558785 5.559917625126696 -0.5689707308399726
-0.9101941026146275 0.41279177758018337 -0.033916412745974546
-0.41372763405321955 -0.9022985553816517 0.12118823568513125
0.019422869724108355 0.12433736188912467 0.9920497886852541
-1.5676716198313085 5.364983671401676 -0.44875699145349934
-0.8324567318675283 0.5525254284441758 -0.04163111522024911
-0.5528834180763137 -0.8233342558822545 0.12821944798450616
0.03656823367476674 0.12975406640694517 0.9908721557443877
-2.0557254364412283 5.171067007242639 -0.5426218149952743
-0.757984081600439 0.6501620257779623 -0.05245034090183288
-0.6510590635188886 -0.7492176899642022 0.12163205398339284
0.03978366063130705 0.1263430869888327 0.9911888441769453
-2.4946464888378186 4.96392201746661 -0.4624619168720373
-0.6785792504247944 0.7323395151720308 -0.0566671115673498
-0.7324343372364355 -0.6688067998462207 0.12742101590133295
0.05541612836220319 0.12796976885734182 0.9902284782462442
-2.8141358910745846 4.833125475199711 -0.3887939113692365
-0.5681807066611535 0.8197818763255947 -0.0716216602431175
-0.8208879241482602 -0.5585492117018457 0.11901662404642654
0.057563154368663036 0.1264160576868016 0.9903061195733477
-3.3893382631186295 4.410680584667364 -0.30677934482134045
-0.4608427024817159 0.8851237565701923 -0.06465757963158922
-0.8840575526715309 -0.4514501624403499 0.12097313048616015
0.0778863457542506 0.11291048443256439 0.9905482188211501
-3.5776956088405973 3.9776216045278905 -0.22199334381283695
-0.32917329574087034 0.9424251863483952 -0.05900631804095132
-0.9407689714449062 -0.32193571995582176 0.10634842825175012
0.08122890911714697 0.09051818129986958 0.9925767310737587
-3.738632034888086 3.636145653015698 -0.32816622005089074
-0.2108940246646888 0.9758425451595574 -0.05706167387847322
-0.974279285901973 -0.20509726268296422 0.09334509584755987
0.07938691758092875 0.07527994300888673 0.9939976626481242
-3.9765321152773665 3.189350645260756 -0.38567683804076563
-0.06629838098715905 0.9952310072300269 -0.07155782440105879
-0.9942995512349709 -0.05989448567471836 0.08820253225242203
0.08349597020839235 0.07699768362726767 0.9935294446940703
-4.044098882277929 2.830780407111921 -0.2817676295413253
0.029918223478099894 0.9969115601279728 -0.07261018371199517
-0.9972836176137078 0.034662561541175245 0.06498470218658363
0.06730080914694139 0.07046874443192651 0.9952407010567523
-4.2285432949723685 2.2934427728646263 -0.28995127598652887
0.17941108311779325 0.9786580168112382 -0.10020700763273215
-0.981263757595239 0.1852938663238101 0.05278337601414532
0.0702246872336797 0.08885958373694279 0.9935657362614388
-4.223841101158472 1.6534819350459098 -0.13092230508603386
0.24846454695075354 0.9651141471067484 -0.082589859738856
-0.9664019208774222 0.2527807954264903 0.046573456401132654
0.06582583574721491 0.06824312756593504 0.9954945879790484
-4.097599596459473 0.9739213357118689 -0.0952787349432003
0.37331981294585165 0.9239723175465002 -0.08311994841385681
-0.925918242063797 0.3766577319147419 0.02836210126537435
0.057513587602061295 0.06637412213811496 0.9961362823420099
-3.981655482109726 0.34397479886481297 0.011661441648367327
0.5041110332074299 0.8603127462354269 -0.07573229681598628
-0.861897516582251 0.5067215800019207 0.01909949507299144
0.05480667812218779 0.05564524170950933 0.9969452782369127
-3.630403103447312 -0.3377603988172106 0.037555059637842156
0.5998266816771632 0.7967653494397914 -0.07331443183123629
-0.7981511921073416 0.6022660435012546 0.015168909255565029
0.05624086499607779 0.04941726936308024 0.9971938990500461
-3.229891654038072 -0.7742140087830206 0.1215357573149961
0.6504112451971996 0.7566937821832278 -0.0661857423702719
-0.7585024457780429 0.6516594556886729 -0.003494649998587219
0.04048624639627354 0.05247505572668226 0.9978010263711886
-2.847856872787108 -1.3610694580651306 0.05115338840304644
0.754493005011954 0.6548101213856059 -0.04433992356081615
-0.6559843823098351 0.7545197401317383 -0.019593845724151966
0.02062504173909154 0.043869735070673314 0.9988246469628707
-2.635482677596912 -1.8035384609715472 -0.14599328474875925
0.8296513608637199 0.5572271592878509 -0.03431539560978848
-0.5579465838142914 0.8297156867082456 -0.016345748525058046
0.019363745474274684 0.032707453636010596 0.9992776140980673
-2.252161175729113 -2.220132365393239 -0.07150147151182575
0.9044691848581403 0.4254483358987648 -0.030501670093616588
-0.4261172548051044 0.9044407307167434 -0.020249855352714854
0.01897165436337613 0.03131259376259179 0.9993298639534057
-1.7978060866958816 -2.6064145925250557 -0.055033342196546355
0.9529226743173765 0.3014523379603459 -0.03264224769486191
-0.302085554362219 0.9531373229120945 -0.01650107549966909
0.02613831216920303 0.02558500237069282 0.9993308094840649
-1.1624398341344682 -2.840272546858597 0.03276468380788161
0.981130758851915 0.19196243259723234 -0.02308211610665366
-0.19277356196351875 0.9804070919575194 -0.04050122667826209
0.014855128805620768 0.04418673158334905 0.9989133740426802
-0.6774300613219104 -2.953966496076922 0.026197206214885322
0.9990950449138853 0.041455586614895415 -0.009567692795496947
-0.0418421845651446 0.9981305843264844 -0.044547513825080855
0.0077030539155773185 0.04490752165198611 0.998961869155748
0.01736302918582513 -2.9839479550200654 -0.08824978612416669
0.9966608052654891 -0.0816322533358026 0.002264684884302522
0.08163601960778565 0.9952192012470386 -0.05360961396214723
0.0021224474345286687 0.05361545442280748 0.9985596852656267
0.6908674730251286 -3.0860981999025627 0.005438370033961536
0.9734074838975869 -0.22770936568797742 0.025047459694516702
0.22877386074531794 0.9719416688695117 -0.05469712729323439
-0.011889634058599104 0.05897279726291699 0.9981886974880846
1.4944225596737368 -3.0111089973368137 -0.02705514812590728
0.9451826939270718 -0.32526629548565483 0.028852717437209924
0.32627800281116 0.9442838529297467 -0.043247397904810594
-0.013178167524125121 0.05029067659132708 0.9986481488794662
2.002461585655068 -2.8610661946831684 -0.1364520453099076
0.9014179282475209 -0.43079580686616936 0.04315084869158815
0.43231757212458605 0.9010063779294022 -0.0358910072592962
-0.023417458754186937 0.051007686628230894 0.9984240764817696
2.584898017601415 -2.6073640265451417 -0.0835467835583025
0.8290074630025905 -0.5567947122829536 0.052221780092283496
0.5584393982805176 0.8291942791935015 -0.024110189640743022
-0.02987757850392593 0.049150233700000164 0.9983447321135348
3.2177983604860736 -2.342880481712379 -0.16976523831333615
0.7507115400204757 -0.6582085769398236 0.05651416835800891
0.6596842751437794 0.7514641210539517 -0.010846646817249927
-0.035328966771582586 0.045424160613495385 0.9983427625012328
3.800984218205973 -1.9418519402138976 -0.26547520571142924
0.6747384269412863 -0.7334691303862354 0.08217260759740679
0.7361315414389537 0.6768310464500084 -0.0031896699648154996
-0.053277393344579094 0.0626419876405694 0.9966132443936163
4.40187916014705 -1.4950876208496806 -0.22221273986368
0.6105260767495947 -0.7868619395834141 0.09003836367131028
0.7895726788767168 0.6135983542294695 0.008466643059225608
-0.06190927395634207 0.06592249793861912 0.9959021101502206
4.842142800530475 -1.012283045481929 -0.2262361255500407
0.5005340643841104 -0.859371976714446 0.10462530628327979
0.8629076767063206 0.5049795673817707 0.019605201473334513
-0.06968197585169161 0.08046922584997092 0.9943181860170606
5.236750478795679 -0.4121340037792794 -0.3085831690656744
0.36731377034287727 -0.9245120226377689 0.10178118700728368
0.9279892769579683 0.37164352599580824 0.026775535747966716
-0.06258055499498466 0.0846166091931749 0.9944469164407154
5.716373469748116 0.22355353286744137 -0.4271307587886717
0.20917972789046038 -0.9724385534478763 0.10299027862816783
0.9762143956414663 0.21380072717274953 0.035958358546366
-0.05698671783807811 0.0930187884159794 0.9940321888823436
5.849980983476053 0.7742463241859313 -0.5389880832721569
0.1122080950411936 -0.9870641337291864 0.11452179409124252
0.9908242555532454 0.11987750140574736 0.06241386710289838
-0.07533512968698475 0.10646822172671395 0.9914580183427466
6.021964472354377 1.591519308877215 -0.5960337457924704
-0.004373933962555505 -0.9932460589453782 0.11594785385616102
0.9974022403951684 0.004002407341988906 0.0719119391113175
-0.07189028458889529 0.11596150170275782 0.9906482999330355
6.142582283507956 2.170387719514607 -0.7088957321560196
-0.13157092414758562 -0.983826222343852 0.12155929043126844
0.988470718430447 -0.12093595339246148 0.09110037956679465
-0.07492595144637096 0.13214407619783025 0.9883946620260933
6.138250346302029 2.7899755805946236 -0.7154238337982571
-0.2462005942976116 -0.9616750171424724 0.12069800233062437
0.9673300920405826 -0.23603790435304442 0.09250576671044335
-0.060471141980044586 0.13952996327566153 0.9883701022633743
6.023349157380869 3.5998739321246536 -0.7631847615968865
-0.38722675042568894 -0.9154628675012739 0.10946815139138938
0.9202266645910963 -0.37642562084372716 0.10717374158178006
-0.05690690366361178 0.1422365355336439 0.9881960853844908
5.73904431692745 4.283417392740006 -0.859069909342919
-0.48211625435923494 -0.8694187231422127 0.10805844736898924
0.8743186279312338 -0.4695811547251144 0.12271984603998537
-0.05595277738774341 0.153641818655571 0.9865417071287632
5.590263291528143 5.060263726435118 -0.9505802099400087
-0.6207034050764401 -0.7768209899685182 0.10619554712199919
0.7821898059184424 -0.6042130475827311 0.15200269039070718
-0.05391391023645668 0.177413959513833 0.982658633236106
5.11578851248648 5.755906565287819 -0.8962054728175342
-0.7179316807787712 -0.6916763915060108 0.07847693820598414
0.6938428646539613 -0.7019303112305513 0.16085548163822952
-0.0561745019418394 0.16993345020127681 0.9838531021718752
4.561878198982431 6.293161624635088 -1.0486456050414303
-0.7930140873247652 -0.6063170518701605 0.05924890572360757
0.6064676370976072 -0.7764996430537711 0.17100883432610847
-0.05767859890123461 0.17154472453606495 0.9834868649635073
4.060862677962974 6.794116854155731 -1.1170028274261936
-0.8487451381271572 -0.5270839432956453 0.04259560864841587
0.5258504194653361 -0.832765119470415 0.17315924856205192
-0.05579715889908718 0.16936671412478482 0.9839723153376748
3.4503791149090497 7.303672421299106 -1.0923103080568028
-0.9132992647564511 -0.40497225912185325 0.043391807515893686
0.40610016017055905 -0.8973109683514159 0.1729617075909308
-0.031108573633201655 0.17558689439142397 0.9839728713855492
2.8186771470239003 7.811347833600142 -1.1236795840405907
-0.9649446037934423 -0.26069742494242226 0.030318311147605696
0.2616284278114367 -0.9463110016642722 0.18985721877295134
-0.020804809972156883 0.19113441008539928 0.9813436065644066
1.9751756602371795 8.244852689555069 -1.034289801501883
-0.9832049073653888 -0.17894743976045785 0.03586413859608106
0.1825051855663166 -0.9634133775951086 0.19628040376901246
-0.0005717761174635643 0.19952865215366705 0.9798921891544999
1.251377780603612 8.433399908568084 -1.0316924423705727
-0.9993997066162523 -0.029805906486335486 0.01770978882631655
0.032776054493986934 -0.9787669401221649 0.20233919618846802
0.011302836519756616 0.20279825975088966 0.9791555082746288
0.4788442163317825 8.634980687449971 -1.1481576359057375
-0.9949350030433056 0.10051871361745526 0.0014679503939217964
-0.09802804932302883 -0.9733123521101891 0.20749280529034134
0.02228573606130447 0.20629864857948804 0.9782354688704641
-0.3051107345984518 8.689874986112718 -1.1289789109867976
-0.9748046441437896 0.22172128057311158 -0.024435619266645198
-0.2221192277114651 -0.9547599971915952 0.19772640402558428
0.02051004814373594 0.19817191993315744 0.9799523783177992
-1.273469944392983 8.596172792748588 -0.9152363719632612
-0.9539180671934289 0.29755225423319015 -0.038778932586255914
-0.29920005595371013 -0.9333537631377719 0.19831640659916
0.0228151330473781 0.20078010286293543 0.9793709251781992
-2.053250191685304 8.456320617288917 -0.9347324676058859
-0.913254340748296 0.4036107903658365 -0.05536597359924355
-0.4064321393210551 -0.8933404785405596 0.19171413300589524
0.02791707259563151 0.19758629867387426 0.9798882507242861
-2.8176502801440573 8.236332766830044 -0.9793097542038238
-0.837177472311399 0.5410040146157743 -0.08030738189687678
-0.5458228999836088 -0.8170770807889749 0.18564072015908398
0.03481541957242125 0.1992477855318966 0.9793305524778155
-3.6444493839821996 7.807719860329865 -0.9679155081871833
-0.7993246881651882 0.5923710257196332 -0.1008814448635611
-0.6002707589058958 -0.7794775612045162 0.1791327207107785
0.02747799567685733 0.20374116970395448 0.9786387671989968
-4.464341564502657 7.2528554404718975 -0.9239056082168757
-0.6785562104797939 0.727882512421832 -0.09873839716187222
-0.7329762697459921 -0.6621683829744338 0.15581529271370576
0.048033651835812055 0.1781019636676114 0.9828393064438046
-5.059094079505736 6.858748629693545 -0.8563347090649039
-0.5881549374008823 0.7992371537953028 -0.12367472357886546
-0.8075801354361871 -0.572179225586164 0.14291258494332593
0.043456962495302266 0.18393169210308785 0.981978007677208
-5.632470671762262 6.1795340358840125 -0.7394350975287927
-0.5032860092368758 0.8558262363626076 -0.11943888832779845
-0.8617926718434643 -0.4869782176358035 0.14200168539054359
0.06336478220841733 0.17439902547516242 0.9826341541735911
-6.177979507707879 5.360248180530996 -0.7454604577522931
-0.3658730902401283 0.9226080202518773 -0.12219553220914466
-0.9272924376886125 -0.3502223656467758 0.13218419323449476
0.07915882915359405 0.16167445371833267 0.9836642334493616
-6.644663042787588 4.625804795781205 -0.6455733821743468
-0.21417556229679585 0.9690910499761621 -0.12243974210522088
-0.9732290171414054 -0.20101020610717998 0.11144122078739215
0.08338537629863556 0.14303030410281375 0.9861997657576959
-6.959841679481729 3.850590328039316 -0.6878006143837019
-0.05099965500472035 0.9891255520362573 -0.13794807149521782
-0.9957172267673822 -0.03969557552851269 0.08349055639338053
0.07710676419251462 0.14161563289011306 0.9869140687295123
-7.168687012085277 3.1285008315931875 -0.5168037341050947
0.0591327489188173 0.9883128664239264 -0.1405044074371385
-0.9958542769615342 0.06814774783079537 0.06023816762837158
0.06910916088398981 0.1363599161142195 0.9882464762368597
-7.122160785322883 2.084163645758636 -0.5720961288519948
0.18365701391114975 0.9719120053091516 -0.14716438156912948
-0.9804605334578487 0.1918542366647663 0.04346700728817547
0.0704801659829799 0.13630503188130536 0.9881564504118193
-7.085988616188869 1.1536112327077244 -0.4119033987175451
0.24719309380874754 0.9595536055983146 -0.13473420567100183
-0.9674157159234505 0.2522623386259289 0.0216786126504436
0.05479023480875254 0.12498539494162945 0.9906449178156604
-6.924016308288376 0.20598378945483503 -0.2869185276985001
0.3784320820227103 0.9158971092992998 -0.1338726251057283
-0.9240320492983901 0.3822981981353227 0.003451082503274065
0.054340176930235844 0.12239723728880567 0.9909925115318037
-6.735123718200253 -0.7853272915680375 -0.3018321294609768
0.49416969060642874 0.8588607741643841 -0.13474470603407115
-0.8677252025996839 0.4967929295754161 -0.015790420443638212
0.05337834543081436 0.12472478512015706 0.9907551394715747
-6.313603374232698 -1.8373125146868219 -0.40174486150011735
0.5724462843205895 0.8119582207012704 -0.11415105243223353
-0.8184228775858311 0.574292340780119 -0.019281344135465776
0.049900306634107015 0.10446108039148248 0.9932759956846813
-5.66329062855348 -2.6380945728062075 -0.24793006035947704
0.6938967737808747 0.7128092123783518 -0.10203387274054511
-0.7186410650954712 0.6944650435375769 -0.03568677638775098
0.045421129646041385 0.09808856275807336 0.9941404770973231
-5.186848458827225 -3.3669456537153826 -0.2730070462451104
0.7475806667768374 0.6570383494199449 -0.097082199814535
-0.6633963045792196 0.745747128681097 -0.061367450473802335
0.03207793412306492 0.1102815527976178 0.9933825658160221
-4.582096912211093 -4.135051495491412 -0.2562630723135733
0.8306177286915574 0.5522278171639838 -0.07155327368161724
-0.5563273601717387 0.8284975089647626 -0.06395121331572588
0.023966134607967034 0.09292608622958337 0.9953844586954405
-3.812643311504579 -4.771634510830297 -0.28192640712811723
0.9191617741008147 0.3892594196041509 -0.06015994919186348
-0.3930596646231497 0.9163377830345278 -0.07633964405837626
0.025410908411984446 0.09381499706065205 0.9952658237340465
-2.9575751958213816 -5.420653334353157 -0.22872377773231647
0.9579191588714319 0.28366772397263773 -0.04386099380356447
-0.2863353952202947 0.9550349786129041 -0.07693869175028062
0.020063798465243317 0.08626000228021975 0.9960705743238626
-2.0703560382306745 -5.679283317756712 -0.3065620672542955
0.9851539412674941 0.17069055103367795 -0.018395490614764472
-0.17165214840262938 0.9812079319726221 -0.0881196839709642
0.003008620942020049 0.0899690431710925 0.9959404742845935
-1.147895460465416 -5.970006459211135 -0.1992036621236772
0.9994249377673139 0.032777864925300874 -0.008790239252433916
-0.03344513302858761 0.9952466468991664 -0.09145527062716717
0.005750763843851343 0.09169659624060605 0.9957701086211024
-0.025593798182141244 -6.02402249600618 -0.1865100637316948
0.9963705390451726 -0.0850335598750697 0.004003668302193322
0.08502576322003334 0.9917739841168737 -0.09568304661438523
0.004165529214082115 0.09567600449689677 0.9954037747391657
1.0227231212764234 -6.049864438683558 -0.2799206179559895
0.9782725671004051 -0.20218870949994297 0.04586070323989335
0.20595077882927532 0.9731373516307258 -0.10289666773555523
-0.023824192594088623 0.11010593196751611 0.9936342292857199
2.004158151119829 -5.97760802292811 -0.20269086790069277
0.9497891844884555 -0.30912054199114314 0.04844097813769989
0.31256439968234395 0.9444415837678803 -0.10164576754700479
-0.014328704640372046 0.11168287939184429 0.9936409374667856
2.9984467408285393 -5.761458592418354 -0.45624169461170083
0.8878143146980793 -0.454128701410993 0.07451767977429456
0.45939712724781073 0.8841361803250658 -0.08518596764167913
-0.02719834765791456 0.10986253340603862 0.9935748209832224
3.961569981351481 -5.377111700056783 -0.24750978062348858
0.8385042832845283 -0.537702409631751 0.08824754546092094
0.5438405129361596 0.8359033540382121 -0.07417432896859676
-0.03388276353800412 0.11018842361711267 0.9933332638627391
4.903439556075261 -4.855870749462249 -0.3840544358570773
0.7631904337859843 -0.6376837885067725 0.10440097679448736
0.6446288973372024 0.7625271172094604 -0.05482444976263169
-0.04464788805631631 0.10914168087821434 0.9930232792366561
5.740378394962756 -4.242566471159036 -0.5192474803042348
0.6677602133950343 -0.7334623141698609 0.12700628793168467
0.7424291327011521 0.6685798233213122 -0.04241416906549805
-0.05380447624911757 0.12261577691716274 0.9909946129027877
6.548345402690057 -3.529599923720572 -0.5860113372569428
0.596201846059982 -0.7900968769018522 0.14244760940871634
0.8003615341220602 0.5988491195779164 -0.028278371580511087
-0.06296206440848921 0.13086917312980204 0.9893984051608625
7.1904746560221655 -2.7875843415518333 -0.7228556977550915
0.4734956024895741 -0.8668158406447789 0.1563117821921341
0.8788415495521053 0.47676003535866024 -0.018323792240826742
-0.0586396590093461 0.146049663275543 0.98753832704857
7.873924537300734 -1.9441798775808345 -0.7900547979525117
0.3541085761406474 -0.9218623592220085 0.15740945833269204
0.9335697969360053 0.3583911335930468 -0.001256851489039688
-0.05525561081831723 0.14739742428383745 0.9875329135975359
8.473280811060862 -0.896346335664382 -0.8093829751296261
0.2477630114734821 -0.953293566941905 0.1727586158375434
0.966732474172497 0.25496624728758926 0.020477670733373837
-0.06356899602868302 0.16193798883289826 0.9847512771978727
8.784387606353262 0.11680391999189249 -0.8998650608149122
0.09659023389553167 -0.9807814196389192 0.16952354017415264
0.9931699512403008 0.10617238660182904 0.04838056394351299
-0.06544953542203957 0.16369204089606806 0.984338530042928
9.077367736794647 1.073782552472211 -1.1161120529625626
-0.04184311037865744 -0.9844543316312232 0.17058636708024563
0.9963556032679558 -0.02841321044079047 0.08042314329302266
-0.07432596491284386 0.17333030646740372 0.9820556663995049
9.202817572504033 2.1776069342206092 -1.1554358715320439
-0.1569086638964144 -0.9707265157287267 0.18185428453156074
0.9856312396827233 -0.14225938585300096 0.09105867470071487
-0.06252243119942426 0.1935291171155289 0.9791007819903078
9.15076447915215 3.276839450676956 -1.172568008216935
-0.3032424356889293 -0.9383680120264141 0.16586295961282232
0.9513390547344758 -0.2881193386743714 0.10927618011292062
-0.054753210470456525 0.1909288405734868 0.9800755851549197
8.928090309488876 4.419880734211463 -1.280832128532398
-0.41628680378255895 -0.8949940273368377 0.16028348843550425
0.9074239624216828 -0.39783829310750285 0.1352994381467716
-0.0573250542341219 0.20176776598591095 0.9777544510075354
8.550511183497221 5.436867377563084 -1.4227717746012232
-0.5184095022406965 -0.842622238470786 0.14573796212217832
0.8529677692629035 -0.4974115272883035 0.1582031661582948
-0.06081343000340151 0.2063244722824432 0.976592534737726
8.258842309077641 6.519089826327188 -1.4925593525740353
-0.6088762416607445 -0.7786841867249721 0.15139992039675412
0.7915412743618558 -0.5838096699370732 0.18063000645100413
-0.052265164631648195 0.22982026546873635 0.9718284009338917
7.563683527195638 7.466828150505186 -1.539915322451179
-0.6993530094024956 -0.702520348596426 0.13180221275347573
0.7131516434827442 -0.6733708320955917 0.1948981885508075
-0.048168850149897746 0.2302969791080927 0.9719274551665483
6.793385075956944 8.325887677918695 -1.6629816185209856
-0.7901846713045076 -0.6038043741647809 0.10501939694394614
0.6110581436728076 -0.7630385615526385 0.21066146239832786
-0.04706417420249829 0.23063458540913287 0.9719014427845066
6.021616822705479 9.174001550740655 -1.6990424897373089
-0.8534230501708999 -0.5134406325536174 0.08971422654265937
0.5196548776167672 -0.8248355819162155 0.22271950394774961
-0.04035401641736049 0.2366941606554151 0.970746070997123
5.055106278859717 9.912660251509754 -1.7825598436718388
-0.9017857706620118 -0.4246544460066676 0.08032926006994255
0.4312556532305862 -0.8719884066996331 0.2316333816402384
-0.028318075390947845 0.24352659606085358 0.969481026141815
3.9583939163245176 10.631998883426492 -1.7608476441987015
-0.9530999596897906 -0.29739181105311874 0.05620885347893307
0.3018231803764524 -0.9201651695110171 0.249394082461074
-0.022446346261063205 0.25466320356899474 0.9667696768309456
2.8879703773798138 10.984342566064504 -1.6789769762934872
-0.987593533829323 -0.1507496874328358 0.04397501477571586
0.15699273269157976 -0.9541415414950525 0.254883626104782
0.0035348170279644073 0.2586253031059411 0.965971585222683
1.6941208000726167 11.336904718031837 -1.6546249425035835
-0.9978383287655143 -0.06256723963098383 0.020106223182199883
0.06561931255272291 -0.9653549366507288 0.25255198372725757
0.0036081854250417287 0.25332514155500785 0.9673745575789627
0.5374231776558199 11.60187954216162 -1.6521014236137423
-0.996336035834096 0.08546335542396544 0.0033779200976534972
-0.08166689854552889 -0.9623265076628753 0.25934189164720217
0.02541485575328873 0.25811631509728306 0.9657793827866001
-0.6014196930352234 11.68754366042223 -1.7118559704525893
-0.9867619742274455 0.1597706450813326 -0.02782500028604695
-0.16130977518105774 -0.9492253302643939 0.27009099812476645
0.016740397459999338 0.27100384940562655 0.9624333173062788
-1.8742622946778407 11.531001813795717 -1.6213606627523396
-0.9457709228923694 0.32029510339911954 -0.05412894991603872
-0.32326402179992964 -0.9116508192765923 0.2537562522894551
0.0319303379998523 0.25749325945813356 0.9657522000833746
-2.966931988351943 11.344566419602991 -1.641350567151241
-0.9158030809737919 0.3921766452608365 -0.08661966544305447
-0.40100820038671453 -0.8808965877403682 0.25141944694944784
0.022297909062263567 0.26498636926146074 0.9639940094873768
-4.070463757461507 10.92363086563521 -1.5493950321050025
-0.8491235066533525 0.5174036301364137 -0.10622390429261855
-0.5269692137921124 -0.8161503707581468 0.2370672268672158
0.03596499651880182 0.2572761419341443 0.9656686126388969
-5.1459928922286995 10.390086874761623 -1.5166935502795122
-0.7859776005365511 0.6048981874088037 -0.12782386783089172
-0.6172847053866272 -0.7562005926895378 0.21707135998990598
0.03464550204962315 0.249516224523435 0.9677508700503624
-6.246447990469842 9.572146385017776 -1.5582312023545837
-0.6728932865366165 0.7258943693641223 -0.14245313523428554
-0.7383479586475175 -0.647246789611209 0.18950699390632675
0.04535959793019686 0.23269809360387386 0.9714904771803847
-7.14780390285403 8.915164211625669 -1.48177121738647
-0.6102081305976808 0.7755506251288699 -0.1617673914978003
-0.790369779111403 -0.581914308424962 0.19154804469888598
0.054419992916865494 0.24474009137304806 0.9680601818698691
-8.022070002325416 7.916579524660785 -1.4569488986541503
-0.47778665815303945 0.8612286523084 -0.17322068811748198
-0.8759794314713765 -0.4522208618449303 0.16779732606929573
0.06617779284518603 0.23190924194180593 0.9704834848067067
-8.885856683831209 6.913638949014312 -1.3318047486416864
-0.3494028570171424 0.9184942207756555 -0.18516876796258191
-0.9339162278164326 -0.3254467488364457 0.14793114208891034
0.07561111615703206 0.2246196654076615 0.9715092494372388
-9.409829281463546 5.7564293367133885 -1.3320406504838764
-0.18807586068922716 0.9656604245159457 -0.1792440012046986
-0.9778287889664318 -0.16699218380732667 0.12635052002253283
0.09207953935984267 0.19903374577833433 0.9756574080292926
-9.94330291836707 4.507903538394177 -1.1663485868524948
-0.056949191615095374 0.9794883036146896 -0.19328715524376583
-0.9943100714153341 -0.03818757344871524 0.09944160203497922
0.09002072799441248 0.19784992001858798 0.9760903335923294
-10.043007995795602 3.3641090060947816 -0.9865127078210502
0.024621033708821287 0.9793528863061953 -0.2006560364126025
-0.9971906887531169 0.038262263194726094 0.0643905306287557
0.0707386679738562 0.1985071900409617 0.9775435820445165
-10.157262853308294 1.9112252149302014 -1.0281736232612315
0.18088293600506933 0.9624465589594543 -0.20243068110012505
-0.9811300849244067 0.19087511355301023 0.030812632513924076
0.06829459421700948 0.19303738917941204 0.9788120409195017
-10.135767959640342 0.6651991316689545 -1.0181664733746179
0.2702218296175426 0.9418019921193508 -0.19997594656422538
-0.9615040301539964 0.27473906897074435 -0.00534997059450851
0.04990244221876292 0.19372291723991186 0.9797863191928933
-9.837103194510027 -0.6797673376842273 -0.9258434886691893
0.37945828165112194 0.9038126624972022 -0.19782537317441737
-0.9232813462747856 0.3837041525774101 -0.01794455067124515
0.05968777576066391 0.18945753569611934 0.9800733480801062
-9.493064566953928 -1.9703673304348182 -0.881728705415805
0.4989600292230089 0.8461903049206219 -0.18708972160665854
-0.8642152138883401 0.5019255274960546 -0.03466188637411828
0.06457437779074975 0.17898064770028652 0.981731608128854
-8.946805775571088 -3.2110631690967266 -0.8226669153030036
0.5997186458507063 0.7809056617470348 -0.17471333825204213
-0.7980572895376796 0.5996801493980604 -0.059050750199684574
0.058659245443838735 0.1748452963772057 0.9828472772997702
-8.179384577526609 -4.399164160191113 -0.6973178291284414
0.6510474814903372 0.7435550113157914 -0.1525235959482151
-0.7581244492457715 0.6468490439770415 -0.08266093549475186
0.03719686325301337 0.16944794372544847 0.9848364919194328
-7.323842713264369 -5.56086929538692 -0.6764573355614564
0.7563047217502508 0.6412896249202884 -0.12942724833588043
-0.6535480538444307 0.7495553425945664 -0.10507405580763829
0.029629948032422786 0.16405557127694032 0.9860057446597246
-6.402743257487465 -6.449586354414397 -0.6295533648352679
0.843035259974483 0.5284073422492206 -0.10039511693820125
-0.5373688897415712 0.835430840193877 -0.1152781730093975
0.0229595733746169 0.1511319984526214 0.9882468768597038
-5.4369065995827 -7.367670116507532 -0.5742433971451973
0.9137710772708801 0.39813493417610935 -0.08070158176772044
-0.4056839808987682 0.9046527948680945 -0.1304705874719524
0.02106200541319318 0.15195995380281077 0.9881619995769719
-4.173840040481361 -8.13909649784726 -0.5858451939320999
0.9502369896048826 0.30423539072802147 -0.06702379743571128
-0.3111083181326803 0.9379241302854634 -0.15332979340259953
0.01621471321023514 0.16655191800155367 0.9858993989682135
-3.0485751876345923 -8.625736864256611 -0.6040332791850948
0.9854785829326838 0.16577121741094666 -0.03677688391269324
-0.1695535236499622 0.9723776018939815 -0.16041181177844233
0.009169323222055931 0.16431818619911903 0.9863652168731906
-1.7273758338421232 -8.95805758374554 -0.6209797302184504
0.9990913814656701 0.03895081766813904 -0.017335767305620774
-0.04120029141658947 0.9866404027786588 -0.1576154616683337
0.010964914585788623 0.1581861394161538 0.9873486272143903
-0.24264227740800198 -9.042589755115664 -0.6335619362535773
0.9929376727539642 -0.11834298499377155 0.008439461948574875
0.11826775723513455 0.981629634802319 -0.1497198221920646
0.009433868301808252 0.1496606289454337 0.9886928940603359
1.1102514004730768 -9.125988353689639 -0.6768898197196197
0.9731855300952064 -0.22357942779131823 0.05407222979449465
0.22944751862907842 0.9601807312165083 -0.159392462185495
-0.016282133259740022 0.16752578685590375 0.9857329686056775
2.5391283908921802 -8.810949409503667 -0.6969531057342113
0.9429968366208392 -0.32487816304339845 0.07219351507789525
0.33237721951459126 0.9303371175718477 -0.1549116603241405
-0.01683680444135646 0.17007759422187646 0.9852873402200587
3.935611678300796 -8.550781091451594 -0.7925115574504488
0.8915159403997245 -0.4407913758702996 0.10441794920804368
0.4520322707431536 0.8806552121046424 -0.14182193062770546
-0.0294423478986359 0.17363767267075322 0.984369796979933
5.2590305648257925 -8.03429371603373 -0.7778709035135771
0.8292934491142839 -0.5455784348163315 0.12090266425621529
0.557960832499519 0.8203601447983557 -0.12524913318114156
-0.030850752623480176 0.17132792810334505 0.9847309332942416
6.531674714193875 -7.277770505693572 -0.8640650054934582
0.7668151866815173 -0.6259929418547581 0.14187742341996143
0.6405876385257367 0.7603106766218612 -0.10758146708319678
-0.04052594976271623 0.17338047029480896 0.9840205591551617
7.655458002024043 -6.535185217005164 -0.9579543227772576
0.6998892328796865 -0.6947548324287462 0.16574670890516968
0.7128064476275974 0.6941590445367909 -0.1002473898203288
-0.04540698804933792 0.188307337115678 0.9810600849301746
8.783745644066355 -5.634211618403038 -1.135797980612055
0.5768126904018328 -0.7934953511410715 0.1940429714419086
0.8148747773147765 0.575548040916485 -0.06872323499445793
-0.057149584168665696 0.1977615538349059 0.978583425152966
9.676394922368898 -4.5416411304322395 -1.1945654700768225
0.45920922942745407 -0.8640289758058631 0.2063544422654049
0.8862073833867754 0.46162130080426184 -0.039252701204753535
-0.06134202526188792 0.20089755602560905 0.9776901486618094
10.480658416494574 -3.2892422002630224 -1.3684630789188827
0.3083047894591611 -0.924305176997729 0.22496483437168685
0.9499356196964261 0.3117346285430052 -0.021035354112166386
-0.05068600257894751 0.22018731183614312 0.9741404440742693
11.248865868946893 -2.0662131544288402 -1.3010922169296775
0.20561292098234377 -0.9495948147231926 0.23663208186355028
0.9769960392210334 0.213159384452761 0.006472896442193459
-0.05658697679974198 0.22985796921351 0.9715777429733238
11.65802696250389 -0.6779532579843137 -1.3784691457298943
0.10987024191123802 -0.9657550587175094 0.23504713245676548
0.9916348250656877 0.12262106727257678 0.04029577084929456
-0.06773767862011114 0.22865364124655796 0.971148334838532
11.952002558640016 0.7468505005828516 -1.600887921736972
-0.07661722724629762 -0.9681129914960457 0.23851237401223563
0.9947175923223727 -0.05783058546884769 0.08480091844066967
-0.06830351175474982 0.24374907483745667 0.9674300476892973
12.205381153198768 2.210620673545832 -1.7991542357738022
-0.15233430297742356 -0.9561539547877165 0.25013043956889613
0.985343244318471 -0.12727488498125264 0.11356991614912824
-0.07675501687780766 0.26376528822887807 0.9615288062706788
12.026255922149549 3.706859728426403 -1.7947317379752359
-0.28715804171227327 -0.929657254559374 0.23082027684801495
0.9557966225559303 -0.26219421053992786 0.1330662819398612
-0.06318584118006818 0.2588283309343255 0.9638542427488082
11.804257644345261 5.273355966883311 -1.9349484426639374
-0.41472882759250324 -0.8835078850098649 0.2177468860578425
0.907649672735899 -0.3846783019511233 0.16791020531865733
-0.06458737630459833 0.2672754363185191 0.9614533635548334
11.365534309750997 6.613456164528652 -2.168418799394761
-0.5095840508568018 -0.8364807182215461 0.20155751963313998
0.858592907356678 -0.4790915264889521 0.18245057923469826
-0.056051902148107784 0.2660303374930814 0.9623341070466549
10.738216530842244 8.012557128698631 -2.2664004317365403
-0.6209116189568156 -0.7607590901315705 0.1889854497925097
0.7824475518207464 -0.586921216403549 0.20808376700373798
-0.04738173708337442 0.277073114710269 0.9596795290467114
9.867255235416094 9.307513747569892 -2.4926921659863237
-0.7028355241904677 -0.6896736101397878 0.17427927955293745
