1.0 2.1913110134158093e-18 -3.248380650227283e-18
-9.90560840161495e-19 1.0 2.6365999312979374e-19
1.6269747479567461e-18 1.202500530772956e-19 0.9999999999999999
0.0 0.0 0.0
0.9907061529948334 -0.012590850407292844 0.13543846836640755
0.012450213948805779 0.9999201273197957 0.0018857845691496896
-0.13545171379264306 -0.0001820300770428576 0.9907844480833626
6.144038087735992 -0.18651736199304245 -0.43636777633965007
0.9668717836298768 -0.013503325447810872 0.25490520354496365
0.015376718216216643 0.9998664998914082 -0.005357807905721136
-0.25479942787792614 0.009099925853624423 0.9669514085339209
12.366499875295611 -0.21771732650063577 -1.674023315914584
0.9276578038393585 -0.011818447076636365 0.3732434579169205
0.012829750595831203 0.9999174484147474 -0.00022532826320883264
-0.373211006420353 0.004997654226490304 0.9277333582284535
18.151363788728595 -0.3260856669090462 -3.6548471369696847
0.8699794620300486 -0.0030503350880020834 0.4930776206368037
0.004351274566778798 0.9999891096949928 -0.0014910025651055662
-0.49306803577578495 0.0034426569891962133 0.8699841282077503
23.98275673729806 -0.21918009050060555 -6.467976667474424
0.8033042813472886 0.007689684684076554 0.5955189621240441
-0.009751720535274523 0.9999518215124643 0.00024239147748076034
-0.5954897074549917 -0.006002056362406965 0.8033417430754416
29.3128240584347 -0.22743067454125426 -9.934574659555555
0.7208552978606447 -0.0009398475524031025 0.6930853139191894
-0.005873463272512783 0.999954563979852 0.0074647611717711905
-0.6930614760493257 -0.009451809902430008 0.7208172212256058
33.943676137185214 -0.45719034469665354 -14.053958526704777
0.6298644482562601 0.029689852642298 0.7761371198975364
-0.0416444352182722 0.9991222169134627 -0.004423656751274272
-0.7755883494403476 -0.029535443440930405 0.6305489477396272
38.325601276514995 -0.5595521604593292 -18.86667110636337
0.5215980324230498 0.007049425974641016 0.853162556429765
-0.0073079888434663355 0.9999660479854654 -0.003794487892047355
-0.8531601946907119 -0.004255747310701609 0.5216314610744167
41.978702338871635 -1.021293375756882 -23.899566045327802
0.39919565237588456 0.015284906125592633 0.9167386639934219
-0.03432743307813693 0.9994091412019455 -0.0017152782050796316
-0.9162236013931907 -0.030784627010251014 0.3994843432302411
44.78144237684487 -1.1049637079862649 -29.662019003420358
0.2798786036627594 0.02008702357031927 0.9598250192631034
-0.029015146773829305 0.9995007295192125 -0.012456676373508455
-0.9595975070821328 -0.024363085371351303 0.28032277533524175
46.89650120637826 -1.5443537239345848 -35.429341649866245
0.15284659911089046 0.022180108880021355 0.9880012860714713
-0.034417985864703 0.9992607436139843 -0.017108240623083585
-0.987650495182146 -0.031390105592486325 0.1534972221043957
48.40215771788192 -1.6625352675199645 -41.54960288910968
0.027388953673214315 0.013159367392476343 0.9995384769627292
-0.02181723702185582 0.9996821610268427 -0.01256338537337225
-0.9993875078786476 -0.021463153649296567 0.027667430544276228
48.98454635659622 -1.8613828319708423 -47.84744226035586
-0.08142842747385605 0.01877477845464262 0.9965020358635759
-0.03309586302757631 0.9992196387091374 -0.021530386263351325
-0.9961297798720671 -0.034733283640102294 -0.08074350729821297
48.86766445778485 -2.1619216330676037 -54.09940677189707
-0.20529209041754434 0.0213445556937116 0.9784677384778752
-0.012909408143067019 0.9996159890758427 -0.024514342096583836
-0.9786164170072069 -0.017664019046916245 -0.2049371254910183
47.95665867220115 -2.4140854344376255 -60.48200823722136
-0.3227953131459865 0.017726237739434044 0.9463032244501034
-0.041888358785254945 0.9985765833486956 -0.03299404273014995
-0.9455417935477068 -0.050289513534605874 -0.3215941418060862
46.31419993803898 -2.571619139074417 -66.38200228234757
-0.44074337914821426 0.017256790835002807 0.8974673636126674
-0.03367186656114766 0.9987936488369938 -0.03574115119556047
-0.8970024867740222 -0.04597203794783425 -0.4396299274477753
43.73081685814091 -2.9450043489930113 -72.1206781821209
-0.5613143590300476 0.019996239700052487 0.8273614565460512
-0.020651606315324447 0.9990579679933522 -0.038156765376238216
-0.8273450312558455 -0.03850435931964524 -0.5603729241295999
40.63225189833295 -3.1912070218599724 -77.55295896324742
-0.6551509971402936 0.010830541239143824 0.7554203896038446
-0.032194626118729766 0.9985886018433383 -0.04223819570495208
-0.7548119300769652 -0.05199287386545056 -0.6538784409004884
36.824201935231315 -3.455556909300323 -82.57156928569864
-0.7475054704962478 0.02530850478468725 0.6637736886033171
-0.0005580501822313981 0.9992488103214624 -0.03872789927546686
-0.6642564202161358 -0.029319759140882785 -0.7469302140222156
32.54070750308075 -3.6581988953158926 -87.08262939241284
-0.8217255076070672 0.010305036561718153 0.569790453904863
-0.012089476691062749 0.9992958062912125 -0.035507604911382454
-0.5697554180676991 -0.03606601503693655 -0.8210225430849644
27.63299972935755 -3.573139428226435 -90.9477525192246
-0.8837211480626368 0.0154686363475916 0.4677578176347761
-0.0008533008229186472 0.9993985437348755 -0.034661770138324395
-0.46801286829982913 -0.031030576548528897 -0.8831776804372301
22.219146152098276 -3.8821020151709025 -94.23209441028932
-0.9347805240076537 0.007860046708738685 0.3551376355865104
-0.008744076060785377 0.99894247313268 -0.04512477211760079
-0.3551171719384781 -0.04528721552928702 -0.9337245975885597
16.50861961123826 -3.8438883067629592 -96.74805516187664
-0.9711716572276367 0.00450930909507124 0.238339743386876
-0.008737494228721356 0.9984749768086838 -0.054493762008248764
-0.23822242272257635 -0.05500529790556684 -0.9696521111571397
10.403716925308828 -3.938103338689099 -98.6520783366583
-0.9938772496997856 0.01816392645742804 0.10898884805367987
0.012950214072290554 0.998745662083561 -0.048354458209735204
-0.10973086479612924 -0.04664699486549879 -0.9928665938660706
4.307603507583372 -4.1044541322475405 -99.6618214665061
-0.999396496261831 -0.02008660666811808 -0.028337943729311466
-0.018777075694831575 0.9987766554386389 -0.045745181810186865
0.029222094821991614 -0.04518549575582821 -0.9985513979963575
-1.9848216771954577 -4.0928844761341034 -99.8099668753205
-0.9898289755120383 -0.02550300191543385 -0.13995821948012446
-0.020708239001691046 0.9991510382271558 -0.03560904943022693
0.14074714775385389 -0.032348673726999067 -0.9895175932715853
-8.25354840206241 -4.156140409892638 -99.32220823439765
-0.9638328144866978 -0.021889944373121875 -0.2656071176468395
-0.008231078865805336 0.9985898343754681 -0.05242995907293718
0.2663809162306547 -0.04834744554454998 -0.9626546398289842
-14.301221878589883 -4.351127971571134 -98.14260585819574
-0.9240901474747105 -0.005704495075014792 -0.382132422840766
0.020285682632018888 0.9977465033296792 -0.06395041524528981
0.381636255464994 -0.06684787841430002 -0.9218932131281534
-20.10954608395868 -4.435432064799552 -96.04854558561719
-0.8701615683967064 -0.05869082021032145 -0.4892582116224764
-0.027475731311581212 0.9971155821222383 -0.07074632733153041
0.49199955951894286 -0.04811810572057165 -0.8692648769783313
-25.83743630528629 -4.469778757401116 -93.3839100426681
-0.8037879694339212 -0.019880019638195717 -0.5945839225024234
0.02748749679516234 0.99713262303223 -0.07049827328451308
0.5942816924664939 -0.07300930976225074 -0.8009367488914365
-30.99732348379573 -4.550921308230921 -90.03609995183628
-0.726296996096171 -0.037682867122514355 -0.6863474077689748
0.01047110206840276 0.9977730028302709 -0.0658620403565731
0.6873012516967444 -0.055022267957486486 -0.7242860283278255
-35.75544615203339 -4.362688054439356 -85.95839107358361
-0.6313367295086603 -0.049952879431080136 -0.7738986664058924
-0.008637049073888679 0.9983143021958201 -0.05739230883545502
0.7754615371886241 -0.029549677132073314 -0.6307036471095318
-39.982081144851776 -4.349104614096923 -81.37188648071617
-0.5280039741412196 -0.045886087484552945 -0.8480009595276523
0.03013320033250265 0.9968979801467213 -0.07270536510908138
0.8487078673736936 -0.06394177055784976 -0.5249837995104913
-43.646727370331334 -4.482955814415754 -76.02175452927679
-0.41865143359048285 -0.06333509131835895 -0.905935952578099
-0.011036515803861256 0.9978457928812795 -0.06466048245605774
0.908080684640928 -0.017071781704987514 -0.4184488077539679
-46.56680563857291 -4.1353659132639145 -70.42508121850076
-0.29789071282658236 -0.04318548308465925 -0.9536232554453277
0.026754225535665907 0.9982053153937145 -0.05356190576159133
0.9542257716666633 -0.04146909992195598 -0.2962007123225519
-48.723077600484125 -4.172516314415734 -64.58208162626671
-0.17835334607980363 -0.023808311344589075 -0.9836782467028746
0.05444210389104318 0.9979364937067317 -0.034024434593212576
0.9824594577024448 -0.0596219470313028 -0.1766888110819736
-50.18866799134708 -3.9900603532145618 -58.56400835255293
-0.06091163467255329 -0.029963806175927633 -0.9976932736435136
0.04765353222648446 0.9983221155056752 -0.03289201524203872
0.9970052891720391 -0.049547217544647505 -0.05938165660154973
-50.83919801623033 -3.80923164072043 -52.316946419864266
0.07178167528204538 -0.03373853919759419 -0.9968499390723564
0.030876097854293953 0.9990236244307998 -0.0315887929917968
0.9969427579673411 -0.028511389637509467 0.07275330412897849
-50.71022456206019 -3.745864516604822 -45.91895158925491
0.1993675716197154 -0.044062758646106724 -0.9789337234148252
0.028639859479270034 0.9988233017436356 -0.039125301953231544
0.9795062783155527 -0.020236272812407 0.20039456513399043
-49.78391993428539 -3.4925977595822806 -39.76822240205924
0.3220631851762455 -0.03383933260441355 -0.9461136958378491
0.02497115948036873 0.9993160331476737 -0.02724197388324605
0.94638919727387 -0.01485191527720662 0.32268790703314365
-48.143288618965066 -3.4245688290074807 -33.868696690791666
0.44035024204107387 -0.03784571638383176 -0.8970276495111179
0.04818857864494869 0.9986668920384231 -0.018478192686925177
0.896532224750224 -0.035089704555170055 0.4415872713298453
-45.724353638867264 -3.3730373448643265 -28.161992308332067
0.5405190259439376 -0.0322925194941196 -0.8407117187105223
0.037635969740519436 0.9991903601285868 -0.014182573545148585
0.8404903462055652 -0.023975159932227243 0.5412963820021555
-42.42779787007388 -3.1573844297866063 -22.564317522079925
0.6535444290401758 -0.03950426630648751 -0.7558564048286782
0.03514709478349172 0.999142845167796 -0.021829875603712714
0.7560717248282047 -0.012299325203522744 0.6543732451279243
-38.778867349789614 -3.1243969989693428 -17.51878005748605
0.7337367859533459 -0.02449794059091491 -0.6789924442703489
0.017614447253861854 0.9996993276568826 -0.017034353988346556
0.679206650217767 0.0005386120050169576 0.733947643452632
-34.50572580222397 -3.0834880162962532 -12.95084162430127
0.8225132503122983 -0.028696671281391056 -0.5680212661247216
0.02211389697675968 0.9995839460567563 -0.018477884343677788
0.5683164857312006 0.0026371423814177102 0.8228067360250435
-29.634764708945454 -3.02662041522263 -9.061336569671495
0.8905316261675574 -0.018026332888014095 -0.4545640879025878
0.011993766447030423 0.9997971316445742 -0.016151524470057996
0.4547635949060731 0.008931503153385137 0.8905682880807674
-24.206614960715655 -3.070545396409635 -5.8386704468182264
0.9372440197250772 -0.008512065081395024 -0.3485700701279582
0.00019423369520785839 0.9997144402124166 -0.02389089736874444
0.3486732458935044 0.022323855551140828 0.936978759469016
-18.500688732243216 -2.9671481404332387 -3.2546151367585328
0.9743214788604196 -0.023628756633826454 -0.2239187691126798
0.014989243845689133 0.9990782918689691 -0.040205074551843994
0.22466244267311286 0.0358162478129766 0.9737782638690281
-12.544854188083276 -3.0433091512288377 -1.4776479253665387
0.993366788609512 -0.012095347231139747 -0.11435228014881592
0.008263827195725671 0.9993896869033294 -0.033921502957970605
0.11469310229762993 0.03275154236888206 0.9928612192178226
-6.318354664359171 -3.066840288565044 -0.48631209080389626
0.9998643587891772 0.016239984417825367 0.002613185795764806
-0.01607175654993165 0.9983586476152605 -0.0549633243434044
-0.003501498489911099 0.05491390411004814 0.9984849882685879
-0.07449970777477408 -3.1293339969000615 -0.0980466432981607
0.9920204224405235 0.01080639278027231 0.12561374552630794
-0.004474479242161446 0.9987093889004715 -0.0505813057551592
-0.12599836987062782 0.0496157471731862 0.990788944226766
6.085559594958368 -3.216566833186639 -0.5812150565961014
0.9665959158152579 0.035210822031958654 0.25387526458680226
-0.02026664621275092 0.9979171388900964 -0.061241562578850335
-0.25550250395022533 0.054050755737011166 0.9652964126831296
12.283617288117473 -3.2661260191665984 -1.8485198890718118
0.9248025404999717 -0.010331656576305318 0.3803063689922942
0.03392488208538635 0.9978875603683277 -0.0553868595804687
-0.3789308498053965 0.06412381793360902 0.9232009594780541
18.189848338051046 -3.4543449971343736 -3.7388361525017113
0.8709720904062453 0.0173392738273188 0.49102716300992255
0.011441747990536695 0.9983901484080405 -0.055550435785310714
-0.4911999420146393 0.05400119868768766 0.8693722375831233
23.921369418393464 -3.3863389526096315 -6.554312893422982
0.8022704429151367 0.03685648196829629 0.595822414515912
0.00018262872715703825 0.9980768383206375 -0.06198497867530338
-0.596961641484442 0.049837571730562434 0.8007207441869869
29.17653038673553 -3.368985623236724 -9.958829119505541
0.725005612124652 0.05522026197955149 0.6865257202506839
-0.01718044856234764 0.9979204473851803 -0.062123564217722395
-0.6885289096356357 0.03324521112362978 0.7244473795619233
33.88110249174261 -3.51046836398831 -14.052577692585226
0.6227667036664444 0.06502475812808972 0.7797009768439708
-0.024940787321923313 0.9976839211464351 -0.06328287402447934
-0.7820103374048858 0.019964194425948746 0.6229462706732759
38.25770234518974 -3.6716444910484283 -18.798405895387997
0.511682400228702 0.08058357004489591 0.8553871564252601
-0.035702720471493025 0.9967256552792657 -0.07254170177075915
-0.8584330686788361 0.006578623441917274 0.5128842923479668
41.765540977017494 -4.028586995068526 -23.968653763269394
0.3970699359848238 0.0696942677341557 0.9151385212140632
-0.02911910259288749 0.9975669381825891 -0.06333726723176332
-0.9173272601739265 -0.0014986864816967681 0.39813279910535176
44.49526121004518 -4.27888590688521 -29.612192628630083
0.2803275795101914 0.07918361546869937 0.9566335061158793
-0.04175454379931421 0.9966535206121854 -0.07026065694958798
-0.9589963530894645 -0.02024774546040791 0.2826955773433094
46.65073843658269 -4.557128995533851 -35.388155965538346
0.1593121758944399 0.07485427624967717 0.984386666091036
-0.016833259398980657 0.997181926066001 -0.07310294973213959
-0.9870848914220614 -0.004924272141760359 0.16012373322603357
48.124506583919384 -4.714214739011894 -41.50083986741005
0.032813878786756116 0.07827222418285212 0.9963914652058637
-0.0162754644643055 0.9968381685003499 -0.07777123793245337
-0.9993296866730178 -0.013664817086778183 0.03398415610002682
48.897238551250226 -5.013644908117077 -47.73831301326371
-0.0972391369111374 0.07614262730990128 0.9923443715456097
-0.02880980904555088 0.9964354070995507 -0.07927956031188585
-0.9948447853693831 -0.036298347317073015 -0.09469892586967912
48.83221780980064 -5.232397333434804 -54.11245476373699
-0.2139704247326758 0.08112305544322623 0.9734657604178132
-0.02446801513568861 0.9957871337592504 -0.08836124464277009
-0.9765341123320155 -0.042725590247070684 -0.21108414297315722
47.74423218123438 -5.556789010353537 -60.239985100197075
-0.3334480055156046 0.0755658788777532 0.9397353277095981
-0.028252646380218998 0.995533961594677 -0.0900779366538394
-0.94234553815562 -0.056586305969087716 -0.32982362391148007
46.11462366186636 -5.779318729931056 -66.25873533046301
-0.43341665145408054 0.07777258007861733 0.8978322636406164
0.0014626969231768443 0.9963284797593307 -0.08559849573064034
-0.901193121976823 -0.03578658130943349 -0.43193909503452677
43.59248165557393 -5.986425644354113 -71.86793759250085
-0.5552464575767233 0.056231291123072985 0.8297827243194346
-0.022031735599018897 0.9963664658070767 -0.08226258387136728
-0.8313941528613977 -0.063957609552158 -0.5519906401106895
40.482071855923195 -6.11342843409191 -77.33997153927163
-0.6634350775095025 0.05084956928754684 0.7465043177096766
-0.017553309656700912 0.9963555323344011 -0.08346861121306463
-0.7480284498890969 -0.06847961413780417 -0.6601240579319266
36.74207916497611 -6.3084347735648345 -82.3665557832953
-0.7482129643342096 0.06719257413151311 0.6600477274723755
0.0003333169224238696 0.9948954678929218 -0.10090183304240026
-0.6634596993737572 -0.07527618611312838 -0.7444161748613327
32.332104760556945 -6.469372069997747 -86.86488569194823
-0.818932662811833 0.058865011901262955 0.5708621048495038
-0.00015740580452118811 0.9947022433928534 -0.10279508340780823
-0.5738896687282079 -0.08427251825875408 -0.8145858995242088
27.40093460218411 -6.594117235832017 -90.80979926913082
-0.8856205538169579 0.047596943135120556 0.46196484702067236
-0.002401997091591622 0.9942508959187683 -0.10704359807989978
-0.46440451461534676 -0.09590999782287966 -0.8804152500994504
22.096089746604843 -6.733098224062779 -94.06563245224164
-0.9333286687657437 0.032003905855212914 0.35759267246258647
-0.007752972952629308 0.9939896023842192 -0.10919588588600465
-0.3589387380622923 -0.10468798148097463 -0.9274716560930883
16.373600673034932 -6.9018187834893086 -96.64487191296165
-0.9729499195214845 0.0179764697704537 0.23031711377973624
-0.006622947998234855 0.9943870345363114 -0.10559039946894197
-0.23092323773176585 -0.1042594252436536 -0.9673707036240581
10.4298537272646 -7.095363702986367 -98.45225995676152
-0.993482030345675 0.008626135845422695 0.11366230532537566
-0.003978826827217312 0.993900351578234 -0.11020717511724115
-0.11392033399827227 -0.10994106236706723 -0.9873884432565709
4.239774664341512 -7.1034545230801385 -99.34852986146609
-0.9996164570921084 0.0013706141823904277 -0.027657052401815777
0.004467059999622736 0.993674424316894 -0.11220963193035985
0.027328251874486745 -0.1122904377587447 -0.9932999818146414
-1.9509647554051708 -7.163619600630699 -99.72147401593075
-0.9902035117050417 -0.005947229026844589 -0.13950287796847666
0.009933046614543499 0.9935604645996259 -0.11286291509842639
0.1392758674178786 -0.11314355367715903 -0.9837690923127725
-8.154275558450868 -7.314269531182301 -99.22961908473341
-0.9629054000082468 -0.05725446038439292 -0.26369458281746266
-0.02408123681407394 0.9915643126242472 -0.12735796418512232
0.2687612778931866 -0.11628382967600748 -0.9561625874972853
-14.27385587978991 -7.344663256735 -98.0073297740763
-0.9271314055431036 -0.05071987761769444 -0.37128862674990326
-0.003766015027140267 0.9920088418941375 -0.12610953763511434
0.3747185860778624 -0.11552205454719609 -0.9199142644704943
-20.11429756027523 -7.521366675666577 -95.88704897665214
-0.8700743721964055 -0.06191089951887593 -0.4890159423041361
0.004415753741721692 0.9910621495826427 -0.13332788302605228
0.4928997432994391 -0.11816464403484457 -0.8620254367777839
-25.676924912689945 -7.48081074096936 -93.13646340294754
-0.802510605187149 -0.05154707742523349 -0.5944066923620549
0.03665413693804647 0.9901190841356204 -0.1353505633875586
0.5955108833081844 -0.13040809363569922 -0.7926922174141795
-30.811472404836707 -7.527545884744569 -89.69163188588203
-0.7210085981273561 -0.06299094762205892 -0.6900574033431481
0.03663779530598667 0.9910002037498967 -0.1287433915525475
0.6919577544035961 -0.11810676289086629 -0.7122121025899981
-35.532274309598755 -7.507554443190929 -85.70853732911306
-0.6239834389929403 -0.0838529136504512 -0.776926135592501
0.024954765734861876 0.9915807355801656 -0.12706292135401495
0.7810395070313862 -0.09867277057110294 -0.6166374669457046
-39.78553094481515 -7.388130394805327 -81.10060028956083
-0.5276351839348744 -0.11169815387392862 -0.8420955889580607
0.019186918843764254 0.9894971799502547 -0.14327219534322846
0.849254390426693 -0.09175265715598853 -0.5199509093897928
-43.44384950892204 -7.4027166931811745 -75.9462439787761
-0.4155088104176818 -0.09870821679867277 -0.9042174882775801
0.03411427277229552 0.9917030346254557 -0.12393479777571806
0.9089499152948033 -0.08234280885804916 -0.40869444669510563
-46.30883102615994 -7.296690535389592 -70.32189835710801
-0.3085092878938818 -0.09905895648883593 -0.9460494128682683
0.02393204290025464 0.9934396170550713 -0.1118256970377718
0.9509207307813162 -0.05714002680693589 -0.30411446700028694
-48.49717194507603 -7.2103650315241135 -64.49811630279608
-0.17042715929538862 -0.09413878432085263 -0.9808628046909911
0.04225097494786519 0.9938114749424735 -0.10272271078762663
0.9844643498866401 -0.058949243338589245 -0.1653954685679917
-49.95592113059943 -7.057492313499486 -58.31710342786847
-0.044177779845190085 -0.09567092654697593 -0.9944324460041971
0.01923052512312909 0.9951377670112721 -0.0965931899003578
0.9988393257491541 -0.023390747294626632 -0.042123286464995816
-50.56268448515953 -6.846373500252282 -52.113249215868024
0.08939098343746332 -0.10208349730761933 -0.9907515267450804
0.030378905006164744 0.9945498925491696 -0.09973394100611142
0.9955340781884122 -0.02118266599007834 0.09200500139558966
-50.475099725559545 -6.722216179150236 -45.73471175455114
0.20719740086116606 -0.09510256432266602 -0.9736661610020763
0.04378343929156115 0.9951676268765394 -0.0878856649595197
0.9773195142545071 -0.024420858824158204 0.21035974142646774
-49.539226358083916 -6.659950264981474 -39.65119907599375
0.333849048858036 -0.10310481259829124 -0.9369705797346551
0.05415183448580638 0.994455836885343 -0.09013593219811733
0.9410701419722327 -0.020646885149566866 0.33758124483510427
-48.01964295309075 -6.492251118964512 -33.75951584001658
0.45078383652444126 -0.08994867860498905 -0.88808965810241
0.013587651560014498 0.995486094290234 -0.09392924094988754
0.8925303236367927 0.03027479507861842 0.4499715312851882
-45.47201422579932 -6.297443052275939 -28.094570071880327
0.5473781922639483 -0.08122371707982215 -0.8329348876942023
0.019857692683891516 0.9962591053062465 -0.08410050539995559
0.8366506722636474 0.029494509155058635 0.5469428993303249
-42.24548879729961 -6.286299378813372 -22.68851173334583
0.6501303233322736 -0.06896952048335044 -0.7566862155643369
0.007248670599594364 0.9963890654682811 -0.08458982281626454
0.7597883124498439 0.04950947717733838 0.6482837121459324
-38.60066368784423 -6.201343229120122 -17.586181941707977
0.737097314845758 -0.07718987171110116 -0.6713642294819904
0.03398994855521742 0.9964320982045254 -0.07724657502758446
0.6749323977570071 0.03411862760074523 0.7370916842479731
-34.20447207564201 -6.244267388250109 -13.127371704112047
0.8215693861706863 -0.055210148946119746 -0.5674290588491737
0.012510519826777018 0.9968051700123891 -0.07887437970744499
0.5699710726062195 0.0577020020298731 0.819636443946807
-29.384405874968113 -6.1632983687596745 -9.230496397919008
0.8819039078444207 -0.04789635023316903 -0.46899059328330656
0.015165748148179276 0.9971926839502961 -0.07332178564128435
0.4711864096551672 0.057550237802833325 0.8801552686073899
-24.165085792576207 -6.24383348510068 -6.02911207989561
0.9373077644461547 -0.04887824831326328 -0.3450584524001642
0.021353912041529848 0.9963103996188762 -0.0831243968377091
0.3478486137772535 0.0705448683219665 0.9348938050322748
-18.377539937744128 -6.1598311277760125 -3.407390688573993
0.9736003152725011 -0.020716705629858636 -0.2273158759741584
-0.0011077674783325625 0.9954316932907596 -0.09546430508324652
0.22825554326586905 0.09319598682340373 0.969131308590481
-12.42910788839747 -6.003260807297213 -1.6357335511727704
0.9936649727816133 0.018091818305069625 -0.11091391369412244
-0.029007897326504047 0.9948014430704955 -0.097611220841357
0.10857125395314655 0.10021032699547658 0.9890248232377389
-6.310147110352371 -6.085651818517934 -0.7420303424845061
0.9998765584689954 -0.014940166810134945 0.0049216865785226115
0.01537310814085563 0.9943980025410002 -0.1045739548172184
-0.0033316960051195835 0.10463735465211572 0.994504935191199
-0.1707241900402965 -6.226506848291005 -0.3851132772065449
0.9922260672987424 -0.015778687511225083 0.12344372646000185
0.029752843215897645 0.9932404289554903 -0.11219252014654046
-0.12083910636901292 0.11499303411217231 0.9859899987717963
6.060353271432567 -6.270864738707121 -0.8257698911977986
0.9686156699706878 0.04083614236708883 0.2451884935325357
-0.014670945691427384 0.9940842973144441 -0.10760795695987645
-0.24813206198549462 0.10063363258816226 0.9634857286654371
12.234866190442064 -6.330099901268286 -2.0250802388769773
0.9254657340368186 0.04213079958683002 0.37648215127289325
-0.0036716175615875476 0.9947471093811151 -0.10229273914190778
-0.3788144640816867 0.09328662527308253 0.9207595699974369
18.193312931732404 -6.438949605267677 -3.986218775856988
0.8656503050107938 0.06172717062658574 0.4968291641052942
-0.007994016406045374 0.9939478872894864 -0.1095614374436164
-0.5005854876313892 0.09087051069775881 0.860904621303166
23.781518180527137 -6.5342261514213416 -6.649187212951495
0.8021699149225169 0.07827900874453912 0.5919429391861365
-0.009100407643916408 0.9928567411953906 -0.11896400495157353
-0.597027037009245 0.09004231730612285 0.7971524121540537
29.06604893122076 -6.617229442662995 -10.159938401818328
0.7206043439525809 0.08718207764615214 0.6878442243694883
-0.012035207006648414 0.9934857069375087 -0.11331313206971308
-0.6932429927805381 0.07337539990644401 0.7169597231493944
33.712120331533 -6.601881015815767 -14.186038492735658
0.6237408835249163 0.11892152723673304 0.7725320709539818
-0.04393049697075637 0.9921296891596543 -0.11725587565177782
-0.7803964928843646 0.039199545900083003 0.6240564880053786
37.86715954746781 -6.760164259259794 -18.90252117509917
0.5147303672595386 0.11574178324136211 0.8495042357320781
-0.027308250006559898 0.9925558828174192 -0.11868521728986066
-0.8569175844053873 0.037892418659772394 0.514059361465464
41.38149110007719 -7.083630128706252 -24.024077477174416
0.40123166372098196 0.12878120447651586 0.9068783513101416
-0.04220009287442746 0.9916146499353103 -0.12214352805963706
-0.9150040196750369 0.010737441526800461 0.4033023776773809
44.181743199925045 -7.210882077903039 -29.626668573344052
0.29433522950437696 0.12383032191899561 0.9476457126698764
-0.0111689658821093 0.9919474594579609 -0.1261503559671759
-0.9556371594683011 0.02654626538332846 0.29334858457998464
46.34306183135381 -7.534829513501895 -35.42444931662855
0.1606791681790798 0.14235203952266764 0.9766870826904339
-0.05624931273565154 0.9892566713943135 -0.13493026824715265
-0.9854025343587458 -0.03325736931196965 0.16696047230622077
47.82517648429354 -7.60022217722503 -41.49641719203736
0.03827286215405814 0.1406951813451816 0.9893126435846146
-0.021588953771627686 0.9899233681754663 -0.13994662975580985
-0.9990346691911368 -0.016002047464131523 0.04092472154086492
48.453498817558454 -8.017680523298965 -47.66628388953009
-0.07710718651628598 0.13327091220340997 0.9880751383197256
-0.013659902814560103 0.9907913651294751 -0.1347030628904202
-0.9969297715582761 -0.02388370502343447 -0.07457660804908559
48.368345317884966 -8.35985588972313 -53.97404169093428
-0.20453479003811384 0.1466028377048856 0.9678191985686296
-0.010176982600739255 0.9883483066841965 -0.15186388659752323
-0.9788065481991822 -0.040910883726068735 -0.20065947246912008
47.38903517477349 -8.553647080149428 -60.114319358505625
-0.33373757746748667 0.15007788718946724 0.9306426193011026
0.0007382588085262173 0.9872863956241512 -0.1589482523199706
-0.9426657586621028 -0.052359902328715444 -0.32960515228247
45.69641863260342 -8.777876418852017 -66.12153784480579
-0.4418316173006635 0.14979784429765164 0.8845024479611843
0.016108253060410915 0.9871251403269535 -0.15913102534621362
-0.8969541051609287 -0.05606160920140379 -0.43855731744003357
43.26949574742525 -8.942712640316696 -71.91070943646542
-0.5562555886389609 0.11637972574668366 0.8228218359360242
-0.01987315289645196 0.9879981315887819 -0.15317732411189253
-0.8307740532035272 -0.10155791976199707 -0.5472674436941766
40.1445819815015 -9.12292451814771 -77.21968200178662
-0.6488585366284026 0.11157673061236263 0.7526839546908223
0.005766198954032678 0.989882647248787 -0.14176861507480848
-0.7608877958781697 -0.08764765821229989 -0.6429383568287854
36.50172383902156 -9.409025427419703 -82.19237858211483
-0.7460730339894315 0.08130428823721879 0.6608818497659503
-0.029739696609931622 0.9874574045474251 -0.1550539118392704
-0.6652004372385358 -0.13533614061224455 -0.7342982058593293
32.14338350043845 -9.379892773687045 -86.69820164476513
-0.8187250776981314 0.0630026771092957 0.5707187582491697
-0.04081281875358031 0.9850616750917367 -0.16729037352490753
-0.5727330923144509 -0.16025812918477994 -0.8039248020382351
27.253840296127546 -9.538822363775227 -90.51029160648406
-0.8805379493599308 0.08853981185702717 0.4656325099149723
0.010107403147061154 0.985681541089335 -0.1683133370252428
-0.47386804889753015 -0.1435003625557618 -0.8688252733226559
21.992902239071 -9.951025822938915 -93.73590296707253
-0.9334238000497266 0.08841898385114902 0.34771033349007024
0.030240945595364253 0.9850965253005562 -0.1693183079328174
-0.3574997847255884 -0.14753134567871554 -0.9221867698578794
16.30821161093181 -10.03750775807006 -96.14925848260529
-0.972117956171174 0.028502816905511486 0.2327522867392534
-0.015412916840093799 0.9826710121714415 -0.18471124045075135
-0.23398412793382936 -0.18314936884794025 -0.9548345498694711
10.463516079379806 -9.90835615102426 -98.03922055122278
-0.9932534333564763 0.028832370036547518 0.11232560306411445
0.009981717732219517 0.9862605928097609 -0.16489397469538686
-0.11553678324331437 -0.16266038008194078 -0.9798948850474659
4.244751391915746 -10.138556939168145 -98.959843023072
-0.9994340122173403 0.020426483818955864 -0.02671285555366762
0.024860579463126236 0.9837330882242153 -0.17790341370503884
0.02264433390611888 -0.17846748536218546 -0.9836859175885098
-1.9224144263053569 -10.251584406404003 -99.3087571567477
-0.9898956843608762 0.018086006463531795 -0.14063730433373076
0.04283049151989931 0.9836405991743326 -0.17497177807630315
0.13517195953911648 -0.17922831051446797 -0.9744777368566155
-8.107547047962841 -10.367505939979434 -98.70689074746443
-0.9635161963123648 -0.06394368399285202 -0.2598985497160034
-0.01711990132623804 0.983777237162385 -0.17857374076556834
0.26710150143249983 -0.16760906468427192 -0.9489814444091345
-14.098096520876716 -10.359230183621811 -97.50449635972036
-0.9227837525161385 -0.0659231830621389 -0.37963690371318454
0.0069083021912957334 0.9822668728356746 -0.18736083623225172
0.38525641887103945 -0.17551645877616365 -0.9059646102804259
-19.95975171743444 -10.443149086866425 -95.41065595408297
-0.870039395174864 -0.0906153201523727 -0.48458242470285795
0.0021479776722553986 0.9822551265591288 -0.18753553486479937
0.49297693913017726 -0.16420387002696316 -0.8544074983464618
-25.52398930113491 -10.44868037983576 -92.75742088071179
-0.7963476071431632 -0.11766984864905526 -0.5932827887058205
0.0032646530650740214 0.9800418622379572 -0.19876196827666479
0.6048305041981643 -0.16022046692492228 -0.7800708478135934
-30.674237850342607 -10.601426585738361 -89.31111941713651
-0.7211902641571795 -0.09773452776756854 -0.6858080015825838
0.04506580017514316 0.9812806800809002 -0.18723338343063337
0.6912690942088892 -0.16593753060072222 -0.7032864854061749
-35.436255527704496 -10.581935863464988 -85.20831900419448
-0.6343388218065238 -0.10783662283188958 -0.7654965322434794
0.061358370094312664 0.9800751227858843 -0.18890972798116606
0.7706158630624673 -0.16680302819754467 -0.6150834134374238
-39.572193284512124 -10.47580603964654 -80.63804688991799
-0.5190782301466231 -0.15050267585197497 -0.8413719525089977
0.022910705294267295 0.9815708417526717 -0.18971594805402828
0.8544205552230753 -0.11775381766208558 -0.5060648729240824
-43.1144194736542 -10.450925707830507 -75.71261998201669
-0.41844492925518534 -0.16714926262185978 -0.8927289531013368
0.021152067163444952 0.9808590030302424 -0.19356481117151422
0.9079958340944927 -0.09987907110278044 -0.40689987661712285
-46.03870210483337 -10.36161056606579 -70.04424696152084
-0.30413878926433924 -0.15604531097656799 -0.939760526403765
0.03297856217263206 0.9841759540862974 -0.17409412888006512
0.9520567138083926 -0.08394080427862065 -0.29418014763695577
-48.16692890753145 -10.18428511587387 -64.14727812897708
-0.1744891077814157 -0.1511504002989854 -0.9729884480193882
0.044961379430243045 0.9858937787800923 -0.16121793482512187
0.9836326520647153 -0.07187777002552738 -0.16523158219575285
-49.6045422648016 -9.955119855017681 -58.14157254545745
-0.04251336794961732 -0.15986659732360403 -0.986222928884185
0.027205653695908612 0.9865630475222095 -0.16109507671402992
0.9987255152060821 -0.033679578018204974 -0.037592851822332414
-50.17643161287962 -9.882944765751779 -52.02162796695236
0.09577661167021545 -0.16541862986797778 -0.981561692284327
0.016234924030300343 0.9862233529304844 -0.16462025042795664
0.9952705445062734 -0.0001688216111572947 0.09714258267312877
-50.100404999607484 -9.822408730518863 -45.73800544545191
0.223525617930547 -0.1698989674252374 -0.9597761912342515
0.04386828811093054 0.9854463717429024 -0.16422675079095955
0.9737109888319688 -0.005394970364099361 0.22772576003782388
-49.117101710526455 -9.735926976532111 -39.59346807161584
0.34969283571140364 -0.15489994258404607 -0.9239698658974521
0.017067185375666247 0.9871258397869145 -0.15902862398105552
0.9367089508957498 0.0398415602008361 0.34783448698494074
-47.4648644070287 -9.455581407307282 -33.723378636620076
0.46337434839575614 -0.1420996318205472 -0.874695484267351
0.0028443414279768157 0.9872930393877575 -0.15888420118189606
0.8861585994788341 0.07113513751558173 0.45789088948375534
-45.063543694895536 -9.297399836325608 -28.141723008086057
0.5432819172447559 -0.1466042929293805 -0.8266508775122832
0.033595477394788804 0.9876424159585252 -0.15307628399704173
0.8388781146923189 0.05539213726797923 0.5414945243875607
-41.99515877482498 -9.28953116015063 -22.716871373804523
0.6512229542955091 -0.140285888048602 -0.7458078015853973
0.027053055122461665 0.9864316315222585 -0.1619255685207929
0.7584051264451257 0.08527335399669872 0.6461828179092022
-38.27569916222378 -9.216042378831546 -17.750732981190414
0.7460917879991247 -0.10880434271065774 -0.6568934482239243
0.017473402680360725 0.9894173834869354 -0.1440367000338923
0.6656142686913428 0.09598625526786823 0.7400981719369968
-34.02042331897675 -9.204677412743418 -13.216981945817013
0.8279125745061304 -0.06099485910031692 -0.5575305581193984
-0.02135282792767364 0.9899198966790501 -0.1400072376270847
0.5604510904988597 0.12781883440361147 0.8182650461295514
-29.133236713375567 -9.181833457485087 -9.461125449905587
0.8868075943307404 -0.06586059605030747 -0.45742092069925466
0.0012020191979987445 0.9901178351137301 -0.14022901985606684
0.46213649512829447 0.12380662164380256 0.8781239662507919
-23.9758277597201 -9.168844329232995 -6.366374638643914
0.9372069255468384 -0.08045759557508304 -0.3393654119989486
0.03248171511408714 0.9889332791522987 -0.14475571939776602
0.3472573777593253 0.1246430092950788 0.9294501941794371
-18.20238735764222 -9.242554120185131 -3.8350121244456266
0.9759013511105057 -0.043900803026417995 -0.21374898910571777
0.010077643412177054 0.9875750016198449 -0.15682185159783574
0.21797798877306696 0.15088932618879444 0.9642195276591561
-12.302995110436322 -9.178030247296252 -2.0298537682588598
0.9937968635926361 -0.03702666649631322 -0.10486550954722276
0.019358838417962838 0.9861473479543079 -0.16473561905748083
0.10951254685606135 0.16168427302226138 0.980747981337194
-6.364645772173133 -9.18996651651665 -1.0295723246322368
0.9997580312362138 -0.0031420149672745294 0.02176908982306134
0.006512994048451223 0.9876461453303961 -0.15655912639107877
-0.021008227687052527 0.156663899836282 0.9874286472506676
-0.15597737592646987 -9.249201072415252 -0.8033173076713156
0.9900279222413619 0.01816535990567122 0.1396975605423376
0.00441822828642467 0.9871587064767151 -0.15967528788281377
-0.14080432650478628 0.15870071875206043 0.9772353106342576
5.9223650500045695 -9.32133102284543 -1.2093757578534705
0.970137616096355 0.04062658654886941 0.23912884115150282
-0.0010553981662366969 0.986569915754793 -0.163330876226301
-0.24255299840085529 0.1582007036038123 0.9571524905955088
11.933411139206244 -9.278367583071432 -2.4696837724356806
0.9267371742105375 0.04837740005952081 0.3725812922121173
0.014752312771472662 0.9862249806022149 -0.1647495430123753
-0.3754194511926822 0.1581757313067278 0.9132584039042527
17.903286742924877 -9.396603734358537 -4.430009816761604
0.8698445994194743 0.07646833880508705 0.4873630550281208
0.0030241947125816695 0.9870684834162089 -0.16027040096900014
-0.49331634203012176 0.14088427717184834 0.8583652529443593
23.52364638296455 -9.558730114415729 -7.1701122577602545
0.7999262081417386 0.10227669290354661 0.5913180904353843
0.0032206750782750224 0.9846233597259999 -0.17466074464753062
-0.6000891265184924 0.14162069043082914 0.7872974223705616
28.698426609735552 -9.629610772637962 -10.494195766301694
0.7176471899170236 0.13431042984876299 0.6833331553950982
-0.02158848271597284 0.9850449280355454 -0.17093989753795258
-0.6960727628042287 0.1079221763168764 0.7098146935905332
33.26627890796338 -9.678668577862426 -14.613016506675761
0.6146806577794945 0.16704306439863323 0.7708851036486919
-0.03739771747666342 0.9823910746533941 -0.1830539972671844
-0.787889189350588 0.0836903950377011 0.610104534691077
37.45259225147466 -9.891817781122702 -19.141615915982044
0.5200460006612693 0.16275779690780934 0.838487839431079
-0.018542379843024637 0.983596461855256 -0.17942354673039024
-0.8539377951696678 0.07776102047852963 0.5145331755722596
40.89882896927078 -10.12311801369581 -24.350320953612773
0.40018729668614533 0.1675611200419358 0.9009841155427286
-0.00734462141644407 0.983696807072959 -0.1796814775395117
-0.9164045113127907 0.06528879391489799 0.3948948219675168
43.75413555017139 -10.318874508089738 -29.702340520409408
0.28127105074751974 0.1938321432262201 0.9398491845591902
-0.024956282156459314 0.9805343446936714 -0.1947540725442277
-0.9593041965405279 0.03132355254245551 0.28063352133847874
45.86861426919974 -10.456586745950386 -35.479662381543854
0.165068776867992 0.18995364136447562 0.9678170644318392
-0.04948320490607275 0.9816366837804422 -0.18422565087166576
-0.9850402472096216 -0.01748068420476551 0.17143786368408517
47.12814296777371 -10.676894052306665 -41.50535608032638
0.02874704984193201 0.19825321970958945 0.9797297547886541
-0.0746555396288041 0.9778222880912565 -0.19567630410033846
-0.9967949283253854 -0.06751723261366728 0.04291021844476454
47.89319957712145 -10.975697925632517 -47.67960860930381
-0.07498768031663917 0.20138070309538852 0.9766386606011701
-0.0040290292261568545 0.9793264777673347 -0.20224474152504743
-0.997177264864916 -0.019100734585453714 -0.07262600564925342
47.74023332652775 -11.273059929925621 -53.863312560074995
-0.20774056307268918 0.19474025959402705 0.9586036300150232
-0.04624790994586209 0.9769303724257877 -0.2084860343952264
-0.9770905642860337 -0.08764456315040198 -0.1939418396097653
46.7415005287716 -11.390867004481237 -59.99888815740833
-0.31770642744260363 0.19297807682989673 0.928343933044727
-0.042578600384111986 0.9751788556610913 -0.21728511286116256
-0.9472329051461111 -0.10856006115508551 -0.30160452474886656
44.992867989496865 -11.767737539832966 -65.93162933968401
-0.43832937808782607 0.18030934327403805 0.8805430517021323
-0.020662705406371273 0.9773909270773438 -0.21042642266745348
-0.8985776872915638 -0.11043108744167371 -0.4246943935907798
42.700686807115716 -11.899441314111371 -71.68393166756663
-0.5480140230257438 0.1504186427372049 0.8228332491649721
-0.029091813814191056 0.9796751430489622 -0.19846520848680288
-0.8359639033075762 -0.13269932979170115 -0.5325001944615906
