1.0000000000000002 3.485783275957804e-18 -1.6740968812479594e-18
-4.0650300076565394e-18 1.0 -3.586487157691909e-19
-1.1826521390823539e-19 3.1259507740355483e-19 1.0
0.0 0.0 0.0
-0.7329356628531262 -0.1664555255690906 -0.6596188597608894
0.6651015509768315 -0.3791235522113586 -0.6433545924764238
-0.14298658961829236 -0.9102516094584229 0.38858346789502207
0.08058064766234749 -0.11358778423536083 0.03828455688707764
0.33808228253488554 0.9341783418661286 -0.11406730942574715
-0.6752864809093979 0.3252192275284567 0.6619832018351515
0.6555066759804938 -0.14677629931171576 0.7407884157563601
0.03389663536015817 -0.01580572182710141 0.18605279101880987
-0.49302321335579824 0.6434395975478339 -0.5855880014365656
-0.45519620307883835 -0.7643758315725676 -0.45664725916224375
-0.7414339133816399 0.04142012046756375 0.6697462909397839
0.03918328628114528 0.04986388419731071 0.33034826185623495
0.5063912736664087 0.3653635179249955 -0.7810738588141865
-0.8437437927802939 0.023022295350782748 -0.5362522143098282
-0.1779451383367673 0.9305803721739156 0.3199320554285492
0.08345319388502799 0.033424941069988556 0.33981560394687005
0.4664285519523007 0.8616217002507707 -0.2001275702518874
-0.4943688886823074 0.4415341798555262 0.748764102659871
0.7335141030081108 -0.2503088160843345 0.6319035645053532
-0.08994851691325094 0.03157757101203476 0.31836922625891206
0.8668563986632389 -0.39666450753279564 0.30202128228718533
0.4519755539987392 0.8809333835604016 -0.14026590316857823
-0.2104218803938672 0.2580970075132485 0.9429256319925107
-0.18013504447565193 0.011818143878930525 0.4792357750021632
-0.39903655558426 0.1674501146414479 -0.9015151664402065
-0.4279235647226163 -0.9035578424910806 0.02158139781859754
-0.8109573918860923 0.3943916513210072 0.4322087131301509
-0.1786042486160599 0.020010844119311148 0.6671168858963156
0.2835994265917796 -0.8932875344513453 -0.34872443650829227
0.7850675522548898 0.4251096884308356 -0.45050048731202197
0.5506724959734618 -0.1460095638699713 0.8218519945368205
-0.3777731723343108 -0.06051174477515049 0.6813449374467174
0.3198462183903415 -0.33903971515905723 0.884731625652939
0.32221188619324387 0.9170518250542181 0.234939867601807
-0.8909989625650989 0.2099269382840839 0.4025578312543834
-0.1935844836944201 -0.04613628117979408 0.6276147460523493
0.14022143803460665 0.9735732705368986 0.1802586308879956
-0.8080147491587423 0.21773819380004497 -0.5474516556646801
-0.572232819500018 -0.06888727859878557 0.8171931322774877
-0.12019562863981428 0.01018822438641898 0.763754417052604
0.9482879323574378 -0.013684143484140012 0.317115899018135
0.11148915971175528 0.9497727641237604 -0.29240787597841356
-0.29718655122482995 0.31264127050274654 0.902184415980164
-0.1482703427410993 -0.0728637305508717 0.8860147733130637
-0.06620192428385008 0.09521400758473685 -0.9932529798066452
-0.8200809918382724 -0.5722486658754177 -0.00019666109590647083
-0.5684055359073152 0.8145347803877004 0.1159672645032338
-0.274827449305736 -0.1732938105074051 1.055617837489504
0.18618134279731482 -0.8381746997259567 0.5126398626944826
0.6624696737214926 -0.2782267784587653 -0.6955029044270565
0.7255825885776402 0.46909863099472854 0.5034641588941825
-0.11876434742684704 -0.15528237569685066 0.8834134165323615
0.597404302237275 0.268472996666343 -0.755665251671751
0.19405322936009298 0.8658971318694767 0.46104832127027506
0.778107750641201 -0.4220718606416287 0.4651919760037145
-0.2558272106915475 -0.024649217552470584 0.9204889561919878
-0.6892724321087857 -0.5870444371630852 -0.4245965498273076
0.28559731396377325 -0.7587570008741006 0.5854249250186147
-0.6658365481665188 0.28225275899820484 0.6906482495392138
-0.3071108380795468 -0.008615619842811832 0.9332350325545304
0.6049819240232545 0.7852681348818781 0.13171768001712467
-0.09065491069567802 0.23227980355836356 -0.9684159695019748
-0.7910617131014755 0.5739323413487003 0.21171339103110784
-0.31586174155258007 -0.03304836327251762 1.0148260974156023
0.6878390430407108 0.33273774351598845 -0.6451060598061659
-0.6462400534715348 -0.1239831127086112 -0.7529964695006665
-0.33053268208690895 0.9348340721785987 0.12974753179168808
-0.38864274078321326 -0.020568556518949267 1.0226694484080077
-0.3143667047677145 0.881803495638133 -0.35156082242115616
-0.8579107102495287 -0.10535849644164023 0.5028807154632512
0.4064025197073131 0.4596964925763889 0.7896306587889929
-0.5055509842502047 -0.060176057584161294 1.0982308209525216
0.3552488249711173 0.318478590941563 -0.8788449444975
0.4073483024287207 0.7934651830266514 0.45219692530691347
0.8413478731548569 -0.5186385643072005 0.1521465434688701
-0.5498987228061669 0.008307626057743323 1.0831715383166194
0.8963849004726244 -0.24704927423843168 -0.3680497240365369
-0.09185538649066245 0.7087510239597803 -0.699454438156114
0.4336546905237367 0.6607877841125156 0.6126198883693035
-0.5781295839853362 -0.08387367616515803 1.2278750794562825
-0.4309147370896172 -0.04278670367198973 0.901376853584608
0.8827311791128037 0.187389392090575 0.4308960386609903
-0.18734527000172388 0.9813539987941305 -0.042980035680717774
-0.6919921652835047 0.07586891893986264 1.359876466279267
0.7612380921460495 -0.0014443206596522636 0.6484700032168984
-0.33590438456520394 0.8545051239805291 0.3962204744410028
-0.5546936894632456 -0.5194424262417198 0.6499967127947898
-0.809218802950652 0.12738588910532755 1.3125794149504324
0.5977913040864786 -0.48474858646120494 -0.6384863045437338
0.5416985145911332 -0.3428546208085262 0.7674723598360427
-0.5909388406173501 -0.8046558486877571 0.057632453231741744
-0.92912918668705 0.09870546503007145 1.2103145479740223
-0.9330819215965432 -0.30860564188405676 -0.1847173749049772
0.3496944176163613 -0.6583440762161921 -0.666557140732301
0.08409550330063288 -0.6865469236224129 0.7222057257407686
-0.9878327376770539 0.2401830329470666 1.2090375734361158
-0.3200425273309758 -0.4029325021536538 -0.8574482639057955
0.4363260758242253 -0.8660419407336318 0.2441123136148532
-0.8409472965914225 -0.2960012765770529 0.4529809205747907
-0.9342689584377887 0.24484647399909415 1.2356572362191915
0.6534208072438006 -0.002282177570965654 -0.7569912846608022
0.6315751092447125 0.5529249166831356 0.5434963332351513
0.4173189002800641 -0.8332287940920693 0.36273432556385216
-1.0813434003253066 0.3501922485888074 1.346080167806236
-0.1612518572925774 0.9854551359779187 -0.05361543708872254
-0.6811154929610107 -0.07180911006960641 0.7286465612603304
0.714198661904589 0.15401457743460997 0.6827885429898323
-1.14621091438142 0.3449665532887756 1.3634393172867174
-0.22705117797374932 -0.612285614141517 -0.7573334976005006
0.8701969899881677 -0.47671062423656557 0.1245207563799962
-0.4372717785023602 -0.6307559575806974 0.6410461445827176
-1.338308221131828 0.3843450386597845 1.2961568262252323
0.13471772306104335 -0.26661237638597046 -0.954341800435729
0.9684390140011099 -0.16840699157532735 0.18375492729831125
-0.20970849613937773 -0.9489769351983625 0.23550988919278168
-1.3764599752910693 0.2945953463933391 1.333980314152428
0.13499801677148443 -0.8342871846460582 0.5345468035668787
0.5196219372743586 -0.39973955996195987 -0.7551174595633641
0.8436639396307133 0.37970122251779537 0.37954959926359105
-1.2564735784287695 0.10527697151954234 1.2479392168627814
0.575373368150361 -0.027328157147734188 0.817433618276984
0.8133589903057381 0.12418422983750536 -0.5683541770172655
-0.08598057336271238 0.9918826631769545 0.09368007350367619
-1.417219930443073 0.15701651437242742 1.220164765549734
-0.9095063008398454 -0.007939886558152448 0.4156121735587734
-0.3166613342689615 -0.6344886996690887 -0.7050891420455554
0.26929973001918206 -0.7728913169473552 0.574557568844265
-1.419625059279258 0.1104840245849197 1.0932704639803263
-0.9555885166129146 0.046142673918791795 -0.2910683773752624
-0.2872905149119309 -0.36598656355387477 0.8851657259656573
-0.06568313648537162 0.9294755527739743 0.36298842247711083
-1.4804732321133116 0.3540325601336147 1.067529559423692
0.304614494961021 0.8682315543832265 0.3916414466613269
-0.7745006097231819 0.4651216606478902 -0.4287330091245859
-0.5544004715045915 -0.17272833731979204 0.8141285461859713
-1.5564807650240113 0.21399281123552907 1.0419898838665653
-0.9837719472259473 -0.17578218712078233 0.03594786363394011
0.13828047686779535 -0.6151634840998454 0.7761791360695574
-0.11432453070124565 0.7685545068483796 0.6294880535740603
-1.5821854874881456 0.15371254046244184 0.9144239837701016
0.1755597506099405 -0.8433389964110909 -0.5078944902555155
0.48670649207040995 -0.3740968557008592 0.7894105130882685
-0.8557426984818602 -0.3857845464837148 0.34478222899568484
-1.6262451928259434 0.1484419590265573 0.9017163381224086
0.11618364580600561 -0.3093664619197916 -0.9438180942635099
0.5692976451821989 -0.7579248581909442 0.31851411231145993
-0.8138809820283394 -0.5743191331250787 0.0880626931908733
-1.741184585237675 0.19821566365980903 0.9072498283365938
-0.13349812017062762 -0.9780420800320998 0.16003587940191288
0.8136363603656427 -0.01596297229055577 0.5811564226021734
-0.5658402942603913 0.20779437495465924 0.7979014311134129
-1.644033044454267 0.24086326323245255 0.9432273280693735
0.5081585452688492 0.8202681008436173 -0.2625546239429229
-0.1376289651802883 0.37826948883442324 0.9154078132578198
0.8501961981360202 -0.42903724419028055 0.30511415990733565
-1.7584443140471682 0.11421918085118118 0.7846647001016452
-0.706980414066813 0.5128054845972966 0.48704147331464326
-0.6008220548434301 -0.7987778432862324 -0.031109401300081215
0.37308455768612464 -0.31461870680249393 0.8728246136505182
-1.8918162174283695 -0.023790842754751768 0.8862441293169704
-0.5382990640873008 -0.6658474911301632 0.516604842745975
0.5853551849639688 -0.7364071349366819 -0.33921255157507757
0.6062945442944141 0.11979976991684882 0.7861647029257353
-1.8709756741878625 0.047165825409754655 0.7527600533980778
-0.2718409890035602 -0.9274999537710261 -0.2566059986326218
0.9383654626825204 -0.1963201820906668 -0.28447944986890344
0.21347838923647838 -0.3181231969872755 0.9237014939012381
-1.8859549356495349 0.21959625156013815 0.7352114979605824
-0.40071854773055704 0.11467633873351121 0.9089950758500142
-0.9161080638174498 -0.06431131621504954 -0.39574095579518526
0.013076524679326703 -0.9913194637456799 0.1308267338999075
-1.8205008990491294 0.28032602202267864 0.7059955287228039
0.7607539239058342 -0.5171158726637621 -0.39222974020898366
-0.37516107646230223 0.14278524257458663 -0.915897144439911
0.5296289369910984 0.8439212667175764 -0.08537741090019747
-1.8523771463249528 0.24250969407267672 0.6143427318157518
0.4004954678257701 0.5536063349902839 0.7301521825582655
-0.4755132056447522 0.80672172993435 -0.3508384115931756
-0.7832557503154571 -0.2066886704505559 0.5863359584354308
-1.7959374645616653 0.30059834409265523 0.5610426446387968
0.9423081719854878 -0.21048070925723514 -0.2602931066211709
-0.20502729970530129 0.2517649851531363 -0.9458221615152904
0.2646107866540808 0.9446232237002352 0.1940859647319437
-1.823550431790508 0.1983632121132469 0.392896877765345
-0.78430102745572 -0.4363715220720229 0.4409651341852012
0.12970390629363646 -0.8104300012537129 -0.5712969007152469
0.6066692737884902 -0.390874576387554 0.6922209490610182
-1.847436510595293 0.3503507635367652 0.4772125314754471
0.7037828876428734 -0.7037187841386214 -0.0973092784247138
0.7095510305588193 0.7030553369622101 0.047450015845857604
0.035022283532249184 -0.10244041493375057 0.9941228542084075
-1.8913864712637345 0.3751460049180598 0.3555992191916867
0.011699281829032473 -0.7426858968510726 -0.6695371128320496
0.49320423050222906 0.5867529137464568 -0.6422388418344978
0.8698347420131974 -0.32270493720640653 0.37316012815887023
-1.7840805867673686 0.1927313771227639 0.2796535783156477
0.6207767067978261 0.7429928375935182 -0.25019269352067236
-0.60197996390522 0.6561817243763449 0.45502343372953163
0.5022511925437628 -0.13185762650642555 0.8546099109475133
-1.7660814174181818 0.2221703019643644 0.18226367869298316
0.5824527090534383 0.6924336266147881 0.42577418927189814
-0.7398945672225968 0.6685239943823529 -0.07505119250482585
-0.3366084481294219 -0.2713142500964205 0.9017121217111685
-1.7313345238160736 0.36486996864743243 0.1074543579146669
-0.5437905430011716 0.6219426409877675 0.5634523469269507
-0.5781473345892437 -0.7642931489575299 0.28566080992461024
0.6083076200794525 -0.17041933249827124 0.7751900768164085
-1.6382113529557012 0.30475540727461403 0.16299481508993505
0.5925733525065965 -0.5606587933294989 0.5783750378639496
0.5476625493352282 0.806951398020684 0.22112658625461415
-0.5906967045891216 0.18572034529933537 0.7852291891418254
-1.658511991418079 0.4046096875218536 0.033846576434674716
0.3526821975678965 0.8770787872063646 0.3261087876176991
-0.6760910342796073 -0.002093468183687321 0.7368158160074705
0.6469281102543695 -0.4803416858646684 0.5922467915157461
-1.6181061112186743 0.3698692818153018 0.002880672113987199
0.744666090497298 0.4991815835142054 0.4430465502707167
0.03548474971286323 0.6332536863277239 -0.7731302708618356
-0.6664932285160263 0.5914455983586694 0.45384975174193287
-1.5841172959950383 0.35009184766719775 -0.0028051651386018124
0.26656717361694054 0.3843485835213592 -0.883865398647259
-0.9198799948247834 0.3751805059362476 -0.1142816288773991
0.28768528830882745 0.8435140345066633 0.4535660525738092
-1.6192702487172532 0.38364142462620476 0.08045444243014466
0.4902609578107038 -0.027667741738765288 0.8711357019985707
0.44630363625812813 0.8664833865760693 -0.22365284307913091
-0.7486367638342535 0.49843885415189576 0.4371514173298442
-1.634296690655674 0.2161604454575263 0.043889585215985294
-0.6385200106754895 -0.4623119832993108 -0.6152722289915529
0.6700965019359467 0.05921353623813758 -0.7399089830138351
0.378501385521327 -0.8847385497237668 0.2719845889380184
-1.586981690674491 0.14893914262011937 0.0011438468258233025
0.21204321741389337 0.3870904524882115 0.8973278801002722
-0.6186244461813465 0.7639864958846914 -0.18338555196828038
-0.7565326012307524 -0.5162238114162766 0.4014623710369771
-1.6381287489701637 0.30817418971138705 -0.1931097098459444
0.880519774296121 -0.45156049303089074 0.144145999233757
0.433247611655727 0.8900590949119452 0.14174583054510057
-0.19230480444214967 -0.062358898636671434 0.9793516220423933
-1.5828885169598435 0.2757321759881163 -0.31809463596637005
0.47177764020934965 0.6106558429393016 0.6360227791391992
-0.6548974362219656 0.7256772802351878 -0.2109565247554682
-0.5903695181107077 -0.31700490724000896 0.7422744541183428
-1.556196341021886 0.20328519057935068 -0.492355110250855
0.20442855217389633 0.9731048347977951 -0.10618973762938479
-0.9689189210736041 0.21659148874533263 0.1195233151025995
0.139308664289661 0.07845520908085629 0.9871368608100165
-1.5702113095058927 0.1941488575537776 -0.34049202867414835
0.850763006714983 0.016604054768887905 0.5252859091384302
0.5170458487638314 0.1526250612173615 -0.8422415933917216
-0.09415684976016087 0.9881448086789596 0.12126264052540094
-1.6170565128718488 0.27872565960649137 -0.2643491851904557
-0.37202488728336586 -0.5237290249505042 0.7663581461119193
-0.40676456621584894 -0.6501391649150537 -0.6417657044410559
0.8343508398535541 -0.5504797702251544 0.028833604629065725
-1.6685234060847336 0.2861082557479615 -0.2804147647478119
-0.6540659463137627 -0.7559250964172499 0.02782657966753941
0.2525511628029191 -0.18354913068464304 0.9500145724055716
-0.7130331059212098 0.6284000459607776 0.3109631978767565
-1.4985422468193073 0.23129382751882005 -0.44231882537963924
0.19625770864058747 0.9784773404288053 0.06375332553683274
-0.37791719185838285 0.13547521302872564 -0.9158741648807422
-0.9047996915811379 0.15565430916969294 0.39637087294555956
-1.418297221558313 0.24846258330011772 -0.4887603712360231
-0.1909409235169703 -0.9633847995006126 0.1882297783116858
0.5928257242291732 -0.2660131821305818 -0.7601279345347876
0.7823682250502693 -0.033551918073464033 0.6219128662836121
-1.220018406103862 0.24709159601425307 -0.5023755246858271
0.7449618562110918 -0.00415537898187487 -0.6670936207314145
0.5076804387587562 0.6522504447915526 0.5628770190809458
0.4327733120575185 -0.757991770203997 0.4880110466313862
-1.131207931123535 0.19193387310737584 -0.6425801057969673
0.7014813913377856 -0.5772014525184872 -0.4180444745282395
0.10551245234628756 0.6642214522112901 -0.7400523880376415
0.704833453813834 0.47502364522710727 0.5268411426463634
-1.038864275566861 0.15142680120894678 -0.6655008523736102
0.7318783783694137 -0.5324506261352859 -0.42526462288684386
-0.05422449764686595 0.5765886924762492 -0.815234042823683
0.6792738964600445 0.6197119687211912 0.39312067569364106
-1.0455668267227292 0.23947403955736027 -0.6012348879996006
0.42554820619958095 0.4089583944833622 -0.8072560772309539
0.05024888535714063 0.8800040044999351 0.47230162841902307
0.9035401962844238 -0.2415505652580504 0.35393401359282234
-1.0972579012928538 0.3487017423063337 -0.6297149125651109
-0.823794122670065 -0.23067297172468704 -0.5178345342649789
-0.1967765442843176 -0.7403123809873635 0.6428188705280434
-0.5316399471019236 0.6314489027064649 0.5644743404377519
-1.0269827520763994 0.36798481289012924 -0.7277548004667493
0.8340452116346377 -0.5509897935083499 0.027893058832025284
0.19740188195793956 0.2508364554461456 -0.9476884599622645
0.5151702387024345 0.7959216223487757 0.31797538920478313
-0.9211798412660834 0.46436369936940103 -0.5601618876608414
-0.125090902731032 -0.6742744386852972 0.7278090943899925
0.8731899169805917 -0.42310847059846346 -0.24190943464341796
0.4710554253181103 0.6052550672859277 0.6416963434030065
-0.6320886600310571 0.42884792981865805 -0.5797781121758789
-0.18591546307180878 -0.9793674978655984 -0.07921361863704017
0.9359689569040446 -0.2010545402926901 0.2890337376711638
-0.2989961914079863 -0.02040576355750265 0.9540364093626355
-0.5862390413622233 0.44824648406071455 -0.6862825677106068
0.3544531658194468 -0.8974047969935715 0.262730420609288
0.7157128016581785 0.4411915465025514 0.5413934964469445
-0.6017630673052732 -0.00385854808930119 0.7986656276754927
-0.5278858268363318 0.4671388583417452 -0.5881256639132325
-0.3976542030272662 -0.5961026888457356 0.6975185690900991
0.867517035891392 0.0033095875443668443 0.4973976612652927
-0.2988085454598439 0.8029008912585509 0.515812858955696
-0.34795390512202756 0.5908203975611875 -0.48871078837881965
0.7301952073201633 -0.46457095648965374 0.5009864713037885
0.31997611291971 0.8803943148834084 0.35003163501083584
-0.6036811588077119 -0.0952875267645231 0.7915108838643842
-0.3206289215067186 0.5264040975915258 -0.5043116150298368
-0.6311133202752722 -0.6599757209271588 -0.4075861847449873
0.6125546456618857 -0.101670344531896 -0.7838631611210921
0.47589154931372313 -0.7443758344516583 0.468436269230648
-0.2949027613195092 0.6570375584944885 -0.46152719454395225
0.9859755206497038 -0.004538405885538764 -0.1668257821139551
0.15150136829844246 0.4435718785307601 0.8833411380201405
0.06999010978306525 -0.896227042510023 0.4380387252594226
-0.21515583019491188 0.5808932777811662 -0.5154448052703988
0.44466773153609396 -0.48701243281678336 0.7517241158860836
-0.3204890172956977 0.6971886896106918 0.6412606775012575
-0.8363953114984986 -0.5260674717677234 0.15393494246667852
-0.1829256552740614 0.517421643368322 -0.3918771680864686
0.8617694263720458 -0.10345752710376983 -0.49663843430754984
0.3604470104232519 0.8137607108316959 0.45593064333120714
0.35697565518186436 -0.5719183908382175 0.7385645486994334
-0.21464954048209112 0.5573674570923495 -0.2530137736904184
0.7807928061622006 0.24386982339014865 -0.575229345976334
0.1811771095650219 0.7927436791467559 0.5820089008424523
0.5979432806312224 -0.5586468354429351 0.5747852252338038
-0.2815380060914895 0.5902836116436534 -0.30492128167859733
-0.6715612227116526 -0.08792895664008597 0.7357129375898257
0.5748343881913696 -0.688338779029936 0.4424438430174593
0.46751564809552054 0.7200409349299841 0.5128056321452984
-0.30588033440030427 0.5915201608976607 -0.440605779990947
-0.6102648628502824 -0.5020626446821665 -0.6127883595716634
0.4349522875364726 -0.8588606360680521 0.2705107777822627
-0.6621134890041939 -0.10145045866304836 0.7425055979271911
-0.24481775014058202 0.6601663296437114 -0.4945848091516926
0.7049292098889459 0.7057139113648858 0.07100838887326505
-0.04863667600673646 0.14797371037629553 -0.9877948463631396
-0.7076080950197792 0.6928719571606963 0.13863434497260108
-0.15508850977902636 0.7691067484075088 -0.35019245631346246
-0.21401325823221615 -0.9444025766410886 -0.2496026851171828
0.7649993417338399 -0.003144291978282258 -0.6440237854952733
0.6074328105495291 -0.32877515094668824 0.7231402976011303
-0.03768599506167776 0.6421545871633293 -0.3813727218999723
-0.831020975126595 0.5316263724989887 0.1636389134470243
-0.2975319921705665 -0.6734045242616301 0.6767581347187304
0.46997798172746347 0.5137130876893101 0.7177887551314348
0.0512537620415994 0.729607391701497 -0.3857496300741292
0.5136592308502322 -0.799298897909273 0.31188912096557175
0.3675551142177139 -0.12347360845036527 -0.9217689714357847
0.7752786604103425 0.5881116451991559 0.23036295505767423
-0.0320904629408943 0.6914271587755112 -0.3546929973749674
-0.34101389355231077 -0.9399632600273802 -0.01334634068586061
0.8172565285280031 -0.2894214490588411 -0.49832418543369583
0.4645439076201287 -0.18084297259244367 0.8668885192731596
-0.02149631353122996 0.6245143128320274 -0.1942155636879817
-0.07480618257999115 0.940246393758299 0.33217550326297934
-0.8095877443089573 -0.25174932438853637 0.5302741935776192
0.5822132030317761 -0.22925757593584986 0.780044665178998
-0.005574684664229966 0.6615392761099484 -0.17747398475634407
0.39815711433924433 -0.255528079110713 0.8810083058965219
0.49198729134109886 0.8700849351219949 0.030014583148084795
-0.7742218143473759 0.42149432480963345 0.47214723687489923
-0.08461970874097278 0.7881876527277432 -0.06439996627588393
0.7580297660086498 -0.6144577069510945 -0.21870541167114615
0.47755357770688533 0.7512806406634917 -0.4555443700445233
0.4442222369546306 0.24087253912850096 0.8629293373262625
-0.11056173997025219 0.8222259789748991 -0.1677514875269463
0.9834362275727393 0.09890140638096234 -0.1518927667486494
-0.16412632002504726 0.84150593303605 -0.5147152378875722
0.07691264269344 0.5311191437729892 0.8437992246856829
-0.14430193670438857 0.8654303651321319 -0.029685583897062204
0.2692479999633065 0.914401651480949 -0.3022829390220429
-0.7271090646470421 0.3988260074529057 0.5587947426559778
0.6315207610149233 0.06933847429445252 0.7722523338690571
-0.024487930551613614 0.8056751718557544 0.023080573428023412
-0.9585999318415072 -0.19041267088049588 -0.21172624868921194
0.23353121545697256 -0.9511524564457841 -0.20192181501327924
-0.16293542367691388 -0.24300725627747735 0.9562427263900226
-0.007566103178524408 0.7805848125452669 -0.016403169365293166
-0.8489219408469428 0.4246107423266272 -0.3147011799386873
-0.31657606627868495 0.06828120895139608 0.9461063474253917
0.42321573172239774 0.9027969694372869 0.07645649684253626
0.04342449150507049 0.8194901098296264 0.09031409547226782
-0.723728390654912 0.3380024534475968 0.6016399459008324
-0.5999027565636306 0.12274901063654318 -0.7906011984942212
-0.34107609805411143 -0.9331063966115432 0.11393149950458212
0.08648372753659675 0.8694758395840996 -0.011042912436156623
0.3116470688255374 -0.8915083948546184 0.32876770474036854
0.5503803827098583 0.45141222039427636 0.7023595018865764
-0.7745698285407459 -0.037941202063685966 0.6313502508479488
0.004123741377418854 0.7799187421419705 0.023834058577277845
-0.8085993397469738 -0.5869798430705302 -0.04025916221119284
0.3764767356312696 -0.46360716598169577 -0.8020816404900397
0.4521415553373792 -0.6637192583224955 0.5958569971761455
-0.06410467837965221 0.7487569824084336 0.03688849425958697
0.5200368737474266 -0.3453795474024902 -0.7811998350060099
0.8539217794559106 0.18935034144899934 0.48473193130125497
-0.01949584903720522 -0.9191623680131017 0.39339628321887526
-0.04479088220392639 0.7521608720990072 0.10726484981471476
0.5323338853642345 -0.7349466503093772 -0.4200884866916769
0.2958682618981631 0.6264773414077602 -0.7211024670585019
0.7931469112253 0.25957626741398626 0.5509432869881205
-0.028248406789293554 0.7849293989910475 0.18587918485591334
0.260012916934307 -0.5760449014099353 -0.7749614279997898
0.5579617066289511 0.7446474760993094 -0.36630626811064904
0.7880813856486129 -0.33715406184673724 0.5150283956722483
-0.14205170242379606 0.7354930936369551 0.227971410124727
0.4699754612092326 -0.5566922566252746 -0.684993593768867
0.4256726247549616 0.8227792479295554 -0.3766145414408249
0.7732574348750745 -0.11458377498416161 0.6236539138688698
-0.04671917249928617 0.7482553917342227 0.23431875491595153
0.8203655174702453 0.39901517198014486 0.40961665899382765
-0.3420435507219052 0.9164449002429663 -0.20769278982042505
-0.4582635436561874 0.030277044852941182 0.888300358240997
-0.08926376982072268 0.7997464829349703 0.33420528355270934
0.5990051160348789 0.17055486050180496 0.7823701179458413
0.24438837117743675 0.8914967030426074 -0.3814552037797222
-0.762540124382399 0.4196964195065479 0.4923294229456582
-0.2593673526645094 0.840056411680632 0.4404445329243826
-0.25882917859944465 -0.002449610147065494 -0.9659194246123743
0.8813683422828038 -0.40975818239348544 -0.23513385588183813
-0.3952175050238529 -0.9121914886947593 0.10821650140144629
-0.2537938286830932 0.7130594510927378 0.6497948827350983
-0.9062777265766871 0.4201837988365443 0.045886024624861334
-0.4204578743241731 -0.8850585069684285 -0.19971676880632067
-0.04330596088018546 -0.20029198591642336 0.978779217988478
-0.3381378059381712 0.6282469926311994 0.7041952353585176
0.11522400306435066 0.1845197195474216 -0.9760505339811534
-0.9579642521960883 0.28053195026909505 -0.06005461154197546
0.26273272224515026 0.941942023077215 0.209088173027899
-0.34347657137087534 0.6973047653716427 0.7979449798479573
0.579409093343836 -0.5892172751319299 -0.563122298886287
0.8136617057624046 0.37805010071342576 0.4416261155337108
-0.04732549243865598 -0.7140734785065959 0.6984694210969707
-0.3068698520647125 0.7738504519018186 0.7096616793081357
-0.004869830110018084 -0.9739463084841186 -0.226726725769216
0.46647929923961545 -0.20276149431240517 0.8609795008925634
-0.8845186618918732 -0.10157030605369377 0.45531260222796965
-0.3282893312108577 0.6922409381567695 0.6947098479226653
-0.3478465288490267 0.7862421547856702 0.5107102651072866
-0.6971710637369931 -0.5811312495291315 0.4198095868259349
0.6268625278333863 -0.21002326023245615 0.7502892764715107
-0.2816903565987613 0.7052234419737532 0.5989631994695475
-0.7607024383096774 -0.1383870705050338 0.6341768917815203
0.6489283244037518 -0.18467886948120277 0.738097128366105
0.014976526423960678 0.9730075962374237 0.23028907497604384
-0.36660943621865455 0.6605197697576117 0.8329696678774189
0.8005673064806358 0.5786210477767102 0.15584861175400505
-0.5742668174126876 0.8151023736768641 -0.0763294460431137
-0.17119881266192594 -0.028392119609475516 0.9848276279163735
-0.33634313263031873 0.6734782638823874 0.8295503365906175
-0.4052507751848997 -0.20320865100810656 0.8913348257084749
-0.46163018137178924 -0.796069135180877 -0.3913727118867455
0.7890941709584395 -0.5700711158409766 0.2287997286620215
-0.44081112533270467 0.5962578586888587 0.9419972283534468
0.2217897934725374 -0.29626938233042444 -0.928995766585781
0.8606149031868102 0.5073827167306422 0.04365364365179861
0.45842277595406244 -0.8091897885243247 0.3675063013447457
-0.2681499212770849 0.5644345616493504 0.9146741443617148
0.48231044551202257 0.8748244207245474 0.045360065679804
-0.8578629019051135 0.48217342070684194 -0.17771379436379417
-0.17734007518638265 0.04680031729520589 0.9830360472947952
-0.3992040962118727 0.6521950651274173 0.9940803178312291
-0.9611085277536178 0.12681794230432622 -0.24532959555890688
0.03761050510093939 -0.8199491740868647 -0.5711999095211541
-0.2735960961005094 -0.5582123588920792 0.7832911024321323
-0.5748626426196383 0.6457939832347898 1.0810221370471413
-0.5066601029172162 0.855688641554339 -0.10531472905459599
-0.25040221803111545 -0.26294140558908213 -0.9317519834764757
-0.8249806618812908 -0.44571064881677297 0.3474883931169766
-0.7335667786428173 0.6755383941678473 1.1043828703745653
0.2706912519001117 -0.2405645354327027 -0.9321238057553365
0.8149093751629191 -0.4582163703570973 0.3549093537920715
-0.5124938558281913 -0.8556667766976559 0.07200332375960518
-0.8697432022680369 0.7638532602767508 1.1512724557124354
0.40971931248281607 -0.5153797610554952 -0.7526705797287864
-0.4194212275374317 0.6262872747683992 -0.6571535462000434
0.8100718074463896 0.5849343421182539 0.040440729184968355
-0.8770784677563362 0.6622703213363523 1.3356469001909919
-0.7455699284625057 -0.3706758357852387 -0.5538273788756085
-0.48018657462196757 -0.2774514411690787 0.8321315135164743
-0.46211046458003147 0.886352517347641 0.028865546393458622
-0.9356421408330742 0.8303410764000687 1.2484070555935152
0.3555651624628454 -0.9119538138268716 -0.20472632342466984
0.5703423239276453 0.03817326229510642 0.8205197641401798
-0.7404618460423448 -0.4085122809383313 0.5336989831283031
-1.0352686922334238 0.7898965076704537 1.3674400916024345
0.8370532899984375 0.410374686211017 -0.36184775421469073
0.0977571539358079 0.5385445525085595 0.8369079061144565
0.5383166015898614 -0.7359095652575814 0.4106735606742932
-1.0720795908957184 0.8030346721201611 1.2468886830683756
-0.6862875164365925 -0.09085176196748172 0.7216334679738556
0.23222164219308122 -0.9676095697473303 0.0990276955386854
0.689261896603218 0.23553959086974532 0.6851563030444271
-1.191398903149399 0.8929122264373281 1.1596242469801934
0.8816463083180944 -0.19604577929109726 -0.4292620282710766
-0.07782926269721789 0.8367646260868233 -0.5420046166966618
0.4654478520303524 0.5112657115193104 0.7224726762938082
-1.2851604210329786 0.9330926875281923 1.2018898821766621
-0.7723881208335841 0.1379988551180182 -0.6199772848313916
0.5128666108489885 -0.44030614651389627 -0.7369520358121584
-0.37467793744105193 -0.887179428438676 0.2693117030006217
-1.2389577616020286 1.0809197538143005 1.2903051936502852
-0.7066198800281798 -0.6466023302299393 -0.2873920953636069
0.2544526524695748 0.14678456199976941 -0.9558812169336915
0.6602594729891043 -0.7485720014143612 0.06080891080522138
-1.2674688907244227 0.9690650135033896 1.3393085547441002
0.8378081576832528 0.25865915583787363 -0.48080333894072175
-0.04591672910151237 0.9109131385334682 0.41003676661683375
0.544029252119754 -0.32145570143497615 0.7750470814106417
-1.2360269410667533 0.9068113297327056 1.275277093580966
0.2620900177533829 -0.8050413407281568 0.5321816213499517
0.5267287887900703 -0.3427387212467523 -0.7778737939018622
0.8086192101940485 0.4841886319637912 0.334209660193547
-1.3050368421247762 0.8793611356433013 1.253230860594151
0.8865404403415701 -0.1825318337791856 -0.42512170944008
0.45331595414729575 0.5263701792906866 0.7193326009702556
0.0924702755555312 -0.8304321019260594 0.5493926869321104
-1.4768256935061566 0.8128028470139358 1.2773525429143384
-0.4515225335773818 0.6892142184349717 -0.5666662052412358
-0.6280271344659772 0.2056412201749532 0.7505286651847893
0.6338057978960583 0.6947627369616619 0.3399938716114802
-1.6492831921642912 0.7868487960387179 1.2295517698276215
-0.05003357916565848 0.5837770135536402 0.8103704291981715
-0.8474178495147363 -0.45422151007394096 0.27489296506476674
0.5285638801006793 -0.6729680727123227 0.5174301214657112
-1.6315814602541665 0.7576035578013457 1.1729485946179756
0.2508044041583164 -0.9671275749244969 0.04195620831787689
0.8079019017446323 0.1852431237040701 -0.5594456084591166
0.5332834991523409 0.17420805630459676 0.8278047286090022
-1.6367564134108978 0.7183117590636836 1.0534348998855017
0.2610057247796589 -0.3372286779047452 0.9045175246555325
0.5803996655765977 -0.6939043035693312 -0.42618496586948357
0.7713706314755521 0.6362182404428438 0.014614072189801675
-1.677877769037411 0.8025912633492573 0.9872048977199941
-0.700608603264122 0.574792749244419 -0.42279973425119904
-0.6888393132045805 -0.6994037398577821 0.19062016866316162
-0.18614025146642893 0.4247917271449038 0.8859483417048929
-1.7359297343295486 0.7158238197848689 0.9361122583304498
0.8967879867202044 0.2996431025613679 -0.32555210049025773
-0.43113674650385214 0.4263910625829415 -0.7951805986136158
-0.09945778760355867 0.853466417773241 0.5115701478781378
-1.8113020343996848 0.6945734371049255 1.0731313423752364
-0.6827228628874322 -0.497482269176265 0.5351624522186748
0.19290206924806388 -0.8291547793288591 -0.5246838087959198
0.7047538887499927 -0.254979836676084 0.6620482605185006
-1.7959013426013506 0.6693378866647891 0.9349432914022997
-0.8829134766533385 -0.26452658512392824 0.3879293934986623
-0.021652693835018107 -0.8023808256339515 -0.5964196050966651
0.4690357892615619 -0.5349868723313573 0.7027057381680406
-1.9947406926322993 0.6447982555597263 0.8458662876780075
0.7685413019694323 0.5238230390566708 -0.36735918794262745
-0.6390917875462022 0.6015174979087059 -0.4793111043932649
-0.030101344449600716 0.6031473007283018 0.7970617747740399
-1.8889301693351304 0.6135551706303836 0.8270015151781835
0.6405392265249749 0.5941404727119884 -0.48652363719681985
-0.14626975956632735 0.7163526597933507 0.6822353094093208
0.753865693004871 -0.3658354044530947 0.545756848410277
-1.9621886656409342 0.6172103365503188 0.8442739595013999
-0.4821815358615911 -0.8411367286114088 -0.24492582968599488
0.5488677517300197 -0.07214228039649617 -0.8327909217638445
0.6828223077297895 -0.5359878907412551 0.4964589714579131
-1.9303880794801824 0.7174558756733281 0.8128946336821977
-0.21324478198124072 0.2568531459938004 0.9426304982891364
-0.5025204951768503 -0.8562487644518019 0.11963399805218748
0.8378546777521749 -0.4481799325614984 0.31166436443533757
-1.8765234946195322 0.6884786295463975 0.7849661203165964
0.842664670356291 -0.4577440416595709 0.28352499922447555
0.5133801787586766 0.8418076732425325 -0.16673685547739897
-0.16235101352931175 0.28605912334496747 0.9443584503960838
-1.958719855490589 0.7439888939215118 0.6356046610496882
0.6769455518946531 -0.1419523146201274 0.7222141538684539
0.5425850134796435 0.7592604883413766 -0.3593406818677902
-0.4973398902769467 0.6351165320340536 0.590999453393723
-1.8447330454083697 0.767049788524769 0.5620199619298457
-0.0314210265706071 0.6476966844382671 0.7612504679689771
-0.9923940549089437 0.07047988408694794 -0.10092833746899427
-0.11902418135207261 -0.7586314089587991 0.6405552956584748
-1.869531101884843 0.7823126435495572 0.47051774159179754
0.1991018638498852 0.8194575001908893 -0.5374459056230346
-0.9791505831257594 0.14379490716405713 -0.14348706035100842
-0.04030006892118392 0.554809284058054 0.8310017958471897
-1.9266379944981755 0.807368838454639 0.42590240749185243
-0.08959401711273746 -0.6819068683510976 0.7259306569237983
0.7627579663049938 0.4217067509514997 0.490270421878119
-0.6404486555796475 0.5976346214713459 0.48234675316628267
-1.9208263138350652 0.7685505357254864 0.4192359892987177
0.4537441797426375 0.6373125654582754 -0.6228547186531167
-0.8119380956693955 0.5837158387938669 0.005775099010973753
0.36725112641487334 0.5030996174920894 0.7823156538231194
-2.007057320983698 0.7667177656299438 0.3198547575974752
-0.8537365573757799 0.26598007751719777 0.44764701988817096
-0.518069378198096 -0.34750262437805074 -0.7815665952498188
-0.05232243567445401 -0.899164930258829 0.43447226399479705
-1.923028275507377 0.766734439978067 0.28564014393769277
0.36356691968777377 0.49481491689494 0.7892890364042255
-0.7996704068010507 0.6003869611448868 -0.0080417374866678
-0.47785782527949533 -0.6282467539742119 0.6139692177369502
-1.8491732816024857 0.7958851824570407 0.24175142148221493
0.7200451247783742 0.4616468069109969 -0.5180896929890261
-0.6922251895223687 0.425593320253534 -0.5828341102586723
-0.048567856330930685 0.7783014709739774 0.6260096444580845
-1.9292697619550203 0.9336223814651694 0.19785648346598297
0.07894220872640911 -0.8843414540627719 0.4601170755743638
0.9923944906555033 0.11345089530545639 0.047786681668756215
-0.09446043819897637 0.4528453945756295 0.8865713149475174
-1.7341672862920516 0.8614315025982066 0.046895586900231975
0.9491218337430439 0.17990034600657287 -0.25846197818335787
0.08528321854895511 0.643241110519408 0.7608994828563003
0.3031394682246631 -0.74422870846089 0.5951719081084146
-1.7560584961201124 0.9457104562076916 0.04692194811245705
0.7918118287625969 0.09518356556700318 -0.6033020402278089
0.14645623104192287 0.9293734491365461 0.33884621846887497
0.5929452847701874 -0.35666035854519407 0.7219480377761763
-1.8498177848609012 0.9681868286228592 0.028009970399753246
0.8069610521429713 0.4830115632394033 0.3398718957480465
-0.50727797316914 0.861551916659684 -0.019964481517818003
-0.30245998843240074 -0.15629897397767326 0.9402600428919126
-1.762800286237709 0.9726185032642294 0.029546860585596434
0.5916914146735872 -0.49014500220213575 -0.6400457122805948
0.8047051225520634 0.3113384975011743 0.5054889732815632
-0.048492358599244674 -0.8141413719288447 0.5786382950761833
-1.6861540869718683 0.9907574957080024 -0.028351240818587503
-0.1520962502913 -0.5887572652765608 0.7938706442127161
0.7666381478782531 -0.577225271297846 -0.2812086080274802
0.6238051743691269 0.5658404588879142 0.5391579824954342
-1.6104019220187051 0.9868751235353018 -0.13547440032139896
0.6985046561566556 -0.435621408428172 -0.5677364347167145
0.5275380776526799 -0.22260210146554577 0.8198495322837047
-0.48352329485878054 -0.8721708353424837 0.07431837605063306
-1.6558091021832633 0.9526459805598801 -0.2300781211697153
-0.6143192283578555 -0.7801846852054938 0.11799937243671497
0.7160099905874288 -0.4883381301314599 0.4988551273735408
-0.33157502113503085 0.3909445911060218 0.8586159642834843
-1.5524495550116906 0.9356368126245794 -0.2782363177258531
-0.6496499547074626 -0.7413799572339416 0.1682521093405724
0.21294492352447741 -0.38991520814585723 -0.8958914823400215
0.7298001335484102 -0.5461878317612168 0.41118130050016255
-1.5246376814337366 0.9564192571613641 -0.34108653663821864
0.42536040415418613 -0.6368167277060369 -0.6430653879879982
0.6827954892979374 -0.24056582414455732 0.6898685589951187
-0.5940195501664454 -0.7325245929143361 0.3324883759886547
-1.6042816342671944 0.7845654191063339 -0.4397718107815734
-0.4218977237741737 0.520898675160064 -0.74206877272749
-0.7542963316756194 0.2524499414207413 0.6060577572938581
0.5030308192400121 0.8154346616079705 0.28640436179969625
-1.6177687341981466 0.7325534422243564 -0.4470427908435964
0.6807915999549056 0.49208494463806507 0.5425625157228073
-0.7014140008809046 0.6513918836396801 0.2893239536683275
-0.2110489765680648 -0.5775303593830186 0.7886178403081158
-1.5247300927963843 0.6479745777707583 -0.46301893146531414
0.06112094205645514 0.9943342586441594 -0.08696227208632384
-0.45102183694428627 0.1052369174855568 0.8862871262419915
0.8904181733472548 -0.014948867872100612 0.454898857006418
-1.4342683596135368 0.7386311251129043 -0.48122641514834696
-0.7717563379664374 -0.6339721138451818 0.04970854526984464
0.13150536889018857 -0.2355869068448308 -0.9629154745541164
0.6221718203398516 -0.736599506265009 0.26518644463456964
-1.3216270870960072 0.8013382590160356 -0.5180714080645534
0.3099533829852027 0.9493071328711327 -0.05237900868227366
-0.5744547149019724 0.14309442608429404 -0.8059323472814657
-0.7575825524337851 0.27989006642163405 0.5896864263644106
-1.481708430748675 0.9023466819123702 -0.6133175883703385
-0.38897796990384564 0.6778047320177919 -0.6239191139609307
-0.09509609802065312 -0.7031803381428112 -0.7046243220240083
-0.916326094213524 -0.21475057580774798 0.3379780568972448
-1.292993616571556 0.9125540180050099 -0.7301836734510058
0.507549197795177 0.8442800409453186 0.17200108302876296
-0.7528525475769473 0.33746205622398673 0.5650958126720952
