1.0 2.1920529113902254e-18 -9.498023300469169e-20
8.531226976000436e-19 1.0000000000000002 1.231517229396577e-18
2.5221882146896293e-19 1.0851354556102148e-18 0.9999999999999999
0.0 0.0 0.0
-0.33186435139535064 0.228032864889757 -0.9153503348931894
-0.9296604802631853 0.08551068464870737 0.3583552757006134
0.1599892331589943 0.9698903986262111 0.1836145161543994
-0.004506954492818671 0.0757506474932761 0.15016765853096234
-0.1343721850154913 -0.687244415114049 -0.7138902029767848
-0.573680346015854 -0.5334649890110947 0.6215338908569805
-0.8079815173257727 0.49306214842918794 -0.3225757670784598
-0.0021978569870983134 0.12635888015816354 0.14219217323884228
-0.2591960752543168 0.1886831657377495 -0.9472154021361171
-0.5269101277145275 -0.8495520955389528 -0.025045708532185632
-0.8094340177803396 0.49260511510457705 0.3196193437846451
-0.19000333407048473 0.14128212923603853 0.12871079468807806
0.6763942355384773 -0.7356417538811854 0.036351818086886756
-0.005988052249703668 0.04386075920646479 0.9990194988028485
-0.7365146107294318 -0.6759485133182521 0.025262103692938968
-0.13489166823303414 0.26184772371919446 0.1069026935245299
0.5701079119136777 0.09302341811974399 -0.8162862808151388
0.2614794639920107 0.9213593799391375 0.28761896999552417
0.7788484010820443 -0.3774157135530502 0.5009506558155778
-0.2698723129986418 0.25833754792363545 0.24982877340982168
-0.23596065475021766 -0.04479403049806397 -0.9707298883855467
-0.4115318627884399 0.9095434033868144 0.058062741254595165
0.8803200638976341 0.41318680197559593 -0.23305073173809432
-0.4109592601561946 0.32852504770465407 0.33702967568963976
0.6254658728693343 0.6813322291029092 -0.38023545304537704
-0.4025326388649708 0.6992345119642603 0.5907950211852327
0.6684015827599789 -0.21646489798153534 0.7116049931368836
-0.37762186111387913 0.36257125467837287 0.4063997033460364
0.49995519128872806 -0.8469613296883133 -0.1808376326198293
0.38281117489388017 0.028817466543156273 0.923377100141315
-0.776852420236947 -0.5308728818254971 0.3386337170164217
-0.40018768660277787 0.2805859541503184 0.4280821547469908
-0.8460953336851297 0.21646806862738663 0.4870976929278394
-0.1125054267304748 -0.9657621275074293 0.23376468479668724
0.5210229933604474 0.14298615452672528 0.8414798675047979
-0.3046766921600068 0.2245139263969032 0.5256624270045536
0.7678335469797798 0.597903934570603 -0.23009248485519232
-0.6068074206176696 0.7939343430929698 0.038112189514213815
0.20546608756997672 0.11035828389882049 0.9724216781611105
-0.5282466844553333 0.32811173264477234 0.7088954772844214
-0.8534078964776969 -0.45942388660648437 -0.24621883187086466
0.5212329422453196 -0.7551567445417559 -0.39756017814273714
-0.0032851518174241406 -0.4676183893306816 0.8839238629233999
-0.6315045470839102 0.34523849833653153 0.7831684811388845
0.9902702450203977 -0.11953151812675047 -0.0712585251139171
0.12113139501769159 0.4883262676729893 0.8642128834725002
-0.06850321315802808 -0.8644356257878583 0.49805432450897436
-0.4974137212005167 0.32239763141215977 0.8020144915986401
-0.6421286499445968 -0.672296685928349 -0.3683592049018582
0.3275238509985699 -0.6750457601951432 0.6610902419401833
-0.6931075238125712 0.3038591871412839 0.6536592528439076
-0.5095116013067158 0.4158337140270517 0.7326238602860277
0.5920124062106524 0.6089274248608382 0.5279475846621458
-0.6483483499656739 -0.029269449743588798 0.7607806307470051
0.4787126904992548 -0.7926853332632816 0.3774690163202119
-0.5923659810657379 0.3709968080426014 0.7994396182239731
0.3314221456600894 -0.7846962997931652 -0.523842118234351
0.8589971082074855 0.02131634103366759 0.5115350675070647
-0.3902339018449013 -0.6195139240905895 0.6811163952929177
-0.48895178810513906 0.264230551524676 0.8346457482856838
-0.5385921681197036 -0.7866622132768836 0.30179574835836
0.8403671961511658 -0.47568230320481264 0.2598245049385995
-0.060834918934936054 0.3935582931522935 0.9172842727257653
-0.663606539825499 0.28969278831180156 0.8553610875195614
-0.030841671782350182 0.2667935862259027 -0.9632597363165242
0.8377472230843569 -0.5187560039775644 -0.17050291799415282
-0.5451856138883463 -0.8122265239726069 -0.2075061781872793
-0.7290236454210767 0.32174862239910285 0.8232030509651869
-0.4668082408058854 -0.5152866273468376 0.7187274714931667
0.8457957955213107 -0.02276016448281147 0.5330198614452092
-0.2582994552248683 0.8567153509025166 0.44645173843669655
-0.8611380843593854 0.23409236435895164 0.9809260145253007
0.9430703851136474 -0.29010111625742707 0.16266271572506202
-0.19354651142184842 -0.08095574723973771 0.9777445465317229
-0.27047630698587866 -0.9535651619454464 -0.13249506905050004
-0.9437883008075478 0.24199421825447767 1.0435904642502187
-0.5358167327139463 -0.04948798363553905 -0.8428829154286637
0.051701110755162163 -0.998330488799137 0.025748597454663034
-0.8427498773701477 -0.029781412749994764 0.537480655738892
-0.9115954615192617 0.24123181901125415 1.1174828249973623
-0.45873571153886233 0.8769807064632663 0.14305883555537108
-0.14385100998113126 -0.23217053838526125 0.9619788223730197
0.8768509002072468 0.42071470028098773 0.23265908835199597
-0.9349904150662057 0.24052338630686423 1.1405228821381124
-0.41492787142804916 -0.9087494553742415 -0.04482868053733362
0.8904425492495042 -0.41570545598391606 0.18520430283544576
-0.1869399877054374 0.03692919857862242 0.9816767552145865
-0.9848549296432486 0.29821498088014964 1.2921344115381692
0.40272490449519616 0.538091088734845 -0.7404526118468876
0.9087075512266692 -0.13797042071691346 0.39397308106596673
0.10983260175101843 -0.8315170645621404 -0.5445315572342346
-0.9954674896038128 0.09735937137145208 1.2654456011392807
-0.47238874627995087 -0.026034146517056444 -0.8810056929886747
-0.7996044466171421 -0.4078384641634966 0.44079337217603176
-0.37078409454806693 0.9126817330756067 0.17184117654378164
-0.9260580884609545 0.07565873356427752 1.3428272637032712
-0.052459355833274594 -0.9370929113662976 -0.34511716256090536
0.9983578328259718 -0.05716849254313077 0.003474064466723001
-0.02298529306260146 -0.34436826655379826 0.9385530663616458
-0.8524495184340837 0.020409646375320813 1.5029536940977566
-0.8088080744305249 -0.01945895142569197 -0.587751073014849
-0.5872417220661648 0.0798492341945329 0.805463300187577
0.031257948517507725 0.9966168550993456 -0.07600971126741574
-0.9520511671096972 0.011625348108980544 1.6752413273831723
-0.4469042954209902 0.2342472143507924 -0.8633679250687185
-0.8820962191448044 0.0452905055779742 0.46888631561064004
0.14893839451229962 0.9711207011519033 0.18638816372081435
-0.9141224942415439 -0.022188158503009557 1.6257991740129707
0.24045239970602308 0.28665820894221866 -0.9273668355103415
0.9508450843446912 -0.26162275234734766 0.1656696126819411
-0.1951296976986017 -0.9216183148042808 -0.3354751824758347
-0.9980995159359947 -0.033341884849617955 1.5841249095285732
-0.4412740950275256 -0.2652008718435505 -0.8572892538162693
-0.8612333078430907 0.3935416549005273 0.3215621968820801
0.2521002523710668 0.880223100555758 -0.4020598301975391
-0.9956714228938892 -0.21572468701950223 1.6224783391285291
0.299509030701525 -0.2604169967088501 -0.9178654367687407
0.060916944748113065 0.9652855096331627 -0.25399262419562557
0.9521462072844074 0.0201595794961913 0.3049749463498322
-0.8987445825275838 -0.3143415103089364 1.5922533553325593
-0.6692935423837805 -0.4497750186040341 0.5913948888508584
0.702527919576058 -0.12398335156217723 0.7007718239870745
-0.24186699693364663 0.8844942643667186 0.3989613960553931
-0.827127606205776 -0.3283962563980756 1.6548953822918833
0.7093889318330875 0.6988676657556301 0.09138087062646003
0.025859657756243038 -0.15537228873920772 0.987516974936463
0.7043416039182204 -0.6981708831651281 -0.12829139005256984
-0.8280135128573097 -0.5427209282287592 1.7490248413653124
-0.08693939792112883 0.26131403270173137 -0.961330717727739
-0.3029618132188601 -0.9262134143389211 -0.22436901490481004
-0.9490287150186082 0.2717398252045313 0.15969264739304273
-0.7174097963289546 -0.5466183082038327 1.7882336700049541
-0.6920448493085206 -0.6667446615527468 0.27663180786354413
0.6727099457817467 -0.4567120517945221 0.5821288407867473
-0.2617906380345756 0.588952764874159 0.764591636896096
-0.8476101294564182 -0.5897066883501897 1.9143901506091645
0.9175673226564056 0.011263045456277512 0.3974197556729185
-0.27773217672670963 0.7334257897203654 0.6204445448352247
-0.2844897004163429 -0.6796754318547775 0.6760953800585525
-0.8327071576047667 -0.66269862661115 1.7778036844044944
-0.11848318765055443 0.8530180198852468 0.5082538595385401
0.5237394880897808 -0.381179500528951 0.7618393861904083
0.8435979980001123 0.3564572612078444 -0.4015957221588299
-0.8230463046191256 -0.756636399072171 1.6577796621928294
0.012151269795737031 -0.9638376673574446 -0.2662116907852745
0.4368112442570709 -0.23436895876420527 0.8684850206934795
-0.8994701697740866 -0.12683791796890292 0.4181675321985562
-0.8789833657915375 -0.8844412218213901 1.6954625182522214
0.4703481203396782 0.7901051967353231 -0.3930728542996801
-0.7525340400090582 0.591754279917085 0.2889951056390003
0.46093950193817185 0.15987249362754077 0.8729119637082985
-0.9718733984928335 -0.8991703809088207 1.7090869332437089
-0.28782460012372957 -0.9438991535474534 -0.16189908741201864
-0.6766339995977264 0.08079505024719466 0.7318721045434181
-0.6777332183442315 0.32019741924373374 -0.6619298482962676
-0.8407166251966904 -1.1054723364284533 1.8419041417483404
-0.7411559215064217 -0.17738039851420093 -0.6474752544744272
-0.04810360806883912 -0.9479508772564169 0.31476065245098844
-0.669606388377553 0.26443325756753205 0.6940468124450102
-0.7736807470965916 -1.219610817952796 1.8290384937649473
-0.6775092085373072 -0.3389897550198338 -0.6527377065945346
0.2155022456084998 -0.9400007728692 0.2644945374046623
-0.7032343118453256 0.03853070293866501 0.7099123385809007
-0.6943613713419873 -1.2790753084126634 1.7562400163263812
-0.4184806587758207 0.7638455541419904 0.49133822098201985
-0.8705917605546607 -0.4914872491674418 0.02257930349717145
0.2587336442818221 -0.41830564854643215 0.8706755063199816
-0.8159415415236021 -1.304945652441171 1.6769005133725525
-0.939340583729321 -0.0010991821373053184 -0.34298358317346367
-0.2351568181529335 0.7300207939276235 0.6416928936307831
0.249679802921904 0.6834236543935773 -0.6859967193778165
-0.7293367601591434 -1.4224643619113189 1.6510749867627714
-0.8490064943609734 0.10918870306914942 -0.5169779589231639
-0.245750519032442 -0.9477496654809576 0.2034143619288745
-0.46775419720165295 0.29974793458679894 0.8314781326505639
-0.6795884169342428 -1.3852910537518701 1.555352624587225
-0.4236295076087075 -0.8613898662521073 0.2802580721418403
0.6675769167084181 -0.08776065925247585 0.7393501636261599
-0.6122734384316257 0.5003046529739684 0.6122219813534843
-0.7013945506715061 -1.4716070299122832 1.5287536451625725
0.16972780596830556 0.5521783339327112 -0.8162666086801704
0.8942440226542363 -0.4343774923480302 -0.10790149380035499
-0.4141483887085973 -0.7116280676014207 -0.5675076774678742
-0.6151526751524583 -1.477388464571913 1.5611634492527686
0.0401079013361908 0.9193121120839786 -0.391478959210479
-0.9509131920493868 0.15543545118794624 0.26758711332783314
0.30684654294907354 0.3615305274627917 0.8804208911345414
-0.6505225462266709 -1.4957194017816169 1.6125896781324278
0.883656559580045 -0.004447807308160974 -0.4681141846369387
0.3106531763273706 0.7536279307688568 0.5792570863624449
0.35020750961399144 -0.6572860155297072 0.6673299283875372
-0.6069399819955701 -1.6137582212406534 1.4541005225041197
0.12694930373292343 0.5528521374609241 -0.8235519147941555
0.9909115494748568 -0.10790515223688177 0.08031032562104365
-0.04446617619929585 -0.8262630158364839 -0.5615258499287865
-0.6986318418232653 -1.7948142246566685 1.5182184884859402
-0.25578741407957967 -0.3434850569450278 -0.903653748127473
-0.9535112056415636 -0.06442585386413775 0.29438926313284686
-0.1593372040908963 0.9369446952447648 -0.3110377523965467
-0.5194203147318851 -1.8164369019262672 1.5625817132964932
0.7773017121032021 0.6063396435994635 -0.16779249917512185
0.15904803408112045 0.06865432977293497 0.9848808540777664
0.6086918117090815 -0.7922367269833299 -0.04307173789518773
-0.4586302996159317 -1.7057173827679637 1.4832556718036358
-0.8476110450107687 -0.27819969868798955 0.45183993255665367
0.3253799544905757 0.40013605936334906 0.8567482097193703
-0.41914536908288574 0.8732091308018629 -0.24863975059594
-0.429692683247787 -1.687781005724599 1.4692705727610222
-0.9350387798405051 0.19695939245055802 -0.29480232973102405
-0.2320502261702627 -0.9686368441807587 0.08885235445788275
-0.26805619378189266 0.15148956974031186 0.951417464323676
-0.3463057217438643 -1.7810846612451925 1.4616745332970573
0.4428540710580579 0.043241598035379164 -0.8955503598423019
-0.7630105352700145 0.542713927445772 -0.35110679128386174
0.4708451586695233 0.8388028415086995 0.27333669182191717
-0.24880572555664326 -1.8129310318036111 1.3903403891726822
0.036688325738599745 -0.1341912563947079 -0.9902757144680235
0.32786285465266646 -0.9344767881223089 0.13877719890503978
-0.944011840632325 -0.3297657832558028 0.009712045702697864
-0.19853667111784923 -1.7773929932063168 1.393590272400278
-0.11938169399458755 0.6677618309173625 -0.7347391162879164
0.14727202320293187 0.7437551830053164 0.6520265466555684
0.9818649215012678 -0.030367192060758327 -0.18713289827978663
-0.2167002417601803 -1.8979916960019116 1.32322828353117
-0.9955524122739414 0.08213783536154476 -0.04613043669420487
0.012831717959362691 0.6033495385498613 0.7973726910820176
0.09332726874316168 0.7932343947609796 -0.601720279159487
-0.19375960026449346 -1.8720773704200029 1.3627079108896076
-0.03359667437020648 0.005700353917375764 -0.9994194417707193
0.4543390549014559 0.8907704342790925 -0.010192551935454168
0.8901944285293023 -0.4544179444835411 -0.03251681665789101
-0.20731175869937588 -1.8352818331737153 1.2531827131244744
-0.9946259879707258 -0.07746030123392852 0.06869020405406404
0.10248995546052761 -0.8304970328225122 0.5475120516049025
0.014636569189432716 0.5516103911392379 0.8339732132144456
-0.2915384262818382 -1.977874182988219 1.1817287795239104
0.5553806941704746 0.8270936475320195 -0.08642032250744303
0.6140138812327682 -0.3377631579979723 0.713374204139169
0.560837647654962 -0.4492578286689823 -0.6954334795818005
-0.15942217294590885 -2.106139118202319 1.1527258840189116
0.02677083341877197 -0.09322648344217908 -0.9952848774066392
-0.10963960991961758 -0.9899087439485571 0.08977386057540655
-0.993610534325442 0.10671883099034932 -0.036721970806137136
-0.0772096424415431 -2.2371049479366474 1.0591393408712106
0.4696565306107824 0.6051498837515014 -0.6428190726801811
0.32279641754054106 0.5599979973553997 0.7630236889581068
0.8217205330612728 -0.5658583116269459 0.06766660530799046
-0.08694591164688963 -2.1819500681435122 0.9381029096320199
0.25610064095104756 0.7484540071722141 0.611743126347646
0.318029326510399 -0.6628559169253296 0.6778485374784422
0.912835539486031 0.0209548941357481 -0.4077877246739461
-0.05942364031094349 -2.1254114090168423 0.9540142491879209
0.28553636700163015 0.7462932685402729 -0.6012609615625426
0.8925182678133807 0.021467781782982708 0.45049891549828325
0.3491123846247638 -0.665270568026671 -0.6599511240233196
-0.11303038855493835 -2.059381431283693 0.7464180239850383
0.8298112121856598 0.25770764387375883 -0.49497588699999734
0.33657336023744416 0.47637038520283664 0.8122739349765096
0.4451201545542146 -0.8406293160104886 0.30855927939713346
-0.12038059140982259 -2.027313300461418 0.7330868167963518
-0.7536671137886979 -0.17126056025774483 -0.6345514069797005
-0.6261354535614095 -0.1064807541228294 0.7724095292559524
-0.19985068971609277 0.9794542998648912 -0.02698113861512053
-0.15900911616236305 -2.1456945636870053 0.6912176917603994
-0.27109764295699607 0.9562038003095428 -0.1103688058478256
-0.9453062667975642 -0.24287681837917718 0.21772943590631838
0.1813873737667941 0.1633578737302144 0.9697479460624682
-0.0793550665908718 -2.073380427094132 0.5706955715569295
0.7186662087333946 0.37355332461286245 -0.586495922568507
0.6184234738237221 0.042262119348619905 0.7847069928905499
0.3179166191261061 -0.9266449095658702 -0.20064219296322483
-0.029720263943213254 -1.926025266514274 0.43055195556566617
0.6151669314346881 0.5906433194966704 -0.5222165810772336
0.40248240379350564 0.3342864718187699 0.8522085396863609
0.6779214420914197 -0.7344330077594573 -0.03208202270722408
0.021809600765295284 -1.8921576062028649 0.36550333790402983
0.7975524586208993 -0.4906703522466466 -0.35093171126047784
0.5956826438851183 0.7324243714494918 0.32972122216521316
0.09524682805991579 -0.47201405659232204 0.8764305552227931
-0.008209225116793086 -1.9297063692645615 0.4250114812663846
0.9591242020093572 -0.04361202565329704 0.27960421545542113
-0.28043867163768676 -0.014245721423514645 0.9597659209829756
-0.03787416250703965 -0.9989461564953438 -0.025893856663678945
-0.03214464163791757 -1.9347968878734154 0.2933652139085358
-0.4149343715515746 -0.8932264744820743 0.17313620770817353
0.1116408006256609 0.1388702083640212 0.9839976649136873
-0.9029751123443147 0.42762394308864793 0.042098563692513885
-0.05590271961669234 -1.841766482897441 0.257047759064877
-0.296851459576285 -0.7832691503830551 0.5462309253076139
0.9543279166185683 -0.26353497758704214 0.14073804877977855
0.033715363929605655 0.5630611568282826 0.825726523009118
-0.05989998583878506 -1.7598413324210909 0.21731311843318057
0.896696612604102 -0.10610659139298198 0.4297406534094035
-0.1883674080443424 0.7870824118895631 0.587382359220765
-0.4005666633614861 -0.6076527759522384 0.6857869298732485
-0.15052887110599666 -1.6999376535973394 0.22184946179180257
0.2555777228555793 -0.7907276650273245 -0.5562648692075063
0.7542404028938468 0.5230270067965231 -0.3969418030710681
0.6048143631736095 -0.31810800584515675 0.7300729556799065
-0.12580464033138114 -1.6795390642084038 0.010482669664445075
0.4405800134968434 -0.5183970341288784 -0.7329085842121827
0.3575229753184291 -0.647551930284104 0.6729439052190803
-0.8234476346038205 -0.5585170765300081 -0.0999592293275162
-0.11570395788373039 -1.6302221591036556 -0.06775052528837482
0.09388902975551144 -0.5729689800774207 -0.8141809879969727
-0.5770044061421913 -0.697757847631523 0.424498805539612
-0.8113264848390307 0.42992961433334526 -0.39611784478919426
-0.14022097137826048 -1.5993464697763862 0.018840915127701176
0.21828526912154414 -0.3241941211975199 -0.92046202589561
0.9742013738679157 0.017017526126473767 0.22503495577409574
-0.0572911413430339 -0.9458370259386506 0.319544905794157
-0.20094314698398996 -1.6422871144869193 -0.09133407307530027
-0.515244616266547 0.7834877520395209 -0.347376325978977
-0.821139183601808 -0.3352035961944022 0.46191765311168675
0.24546492969388026 0.5232444176576827 0.8160638647023687
-0.31921087020874966 -1.5337770568367024 -0.1699006418860343
-0.7334285005494107 -0.6459313819821686 -0.2117900290563949
0.6658674860368766 -0.7453541550094739 -0.03266547193276053
-0.13675916265349775 -0.16498229526597066 0.9767687617309118
-0.37922234892335516 -1.5241449889509242 -0.1814156675376903
0.6269533405705823 -0.19315054220002806 -0.754734217208529
0.27888180927262174 -0.8489352909888601 0.44892447671406294
-0.7274299714890263 -0.49193600252930875 -0.47837656687202484
-0.24667824504376334 -1.3626819351371788 -0.1875887291007296
0.23012462437690195 -0.5272600903618393 -0.8179478206295943
0.49124492272912423 -0.6626200579306564 0.5653420568740444
-0.8400720919184068 -0.5319113836391378 0.10652913047773059
-0.2622750334921311 -1.2790741663277232 -0.23520477717038688
0.3053082043625888 -0.12444265612478943 -0.9440874362995745
0.7258613189862935 0.6721377718170598 0.1461396298343331
0.6163707809190765 -0.7298933414819017 0.2955367527667669
-0.12741917338749698 -1.310628389678196 -0.20441962254622228
0.9653832894366918 -0.1141018920062425 0.2345550772066957
-0.2550032214917791 -0.22377344324843762 0.9406904426856562
-0.05484717762692558 -0.9679388780473931 -0.24512326648294538
-0.31558580342703296 -1.2976901730971226 -0.08444144907577061
0.27668980301855195 -0.6931941824903026 -0.6655256728361569
0.8322165852994873 0.5191319242257054 -0.19472333386578322
0.4804759671584944 -0.4999840746012089 0.7205257385732808
-0.3767536326512289 -1.1151916643700315 -0.12703215504542176
0.14644699322744492 0.47584289559960774 -0.8672526858104815
-0.10429401743962581 0.8792451559763944 0.4648120030197876
0.983704396812021 0.022378736713133444 0.178391006072526
-0.3816864795659316 -0.9352324462849858 -0.06617725945254072
-0.9274633534165061 0.25943454827645496 0.269268877868266
0.31719373131871936 0.16457137035959477 0.9339718116215346
0.19799082729274287 0.9516343701465162 -0.23492494227416108
-0.29176214295723946 -0.9756438659631599 -0.1936753331371708
-0.1878606725998213 0.8341983637871824 0.5184794037977412
-0.03860053084319562 -0.53374002856131 0.844766731590243
0.9814359601278572 0.1386850589259119 0.1324692005976191
-0.45350859758592554 -0.9406332986659646 -0.20458910806919117
0.9275840847292428 0.2706030354026 0.2576087650781601
-0.1554496175685385 -0.34745686971212353 0.9247202804253719
0.33973995161917875 -0.8978008717567858 -0.28023111153506985
-0.4323443460679014 -0.8383524780411764 -0.08025001785466869
-0.7298227758192855 -0.04542811136438295 0.6821247013928785
0.3991258104666801 -0.8383961461151247 0.37119915022668803
0.5550287095799697 0.5431639258861141 0.6300124569157768
-0.4037352998827005 -0.8629851222562903 -0.14318608255170978
-0.812446676376265 -0.5193369571859391 0.26498840728769707
0.4436133537931054 -0.25570385114341704 0.858965247713249
-0.3783340380726484 0.8154161895098826 0.4381298134307997
-0.4753225430574257 -0.7037950498915946 -0.14192563608755238
-0.9726958092272543 0.08868188194867793 0.2144732819894261
-0.11218726400631113 -0.9886407566968592 -0.10001120577092096
0.20316828811564766 -0.12134206394228784 0.9715955769119978
-0.47677282774089236 -0.4762300398492555 -0.1779080342031034
0.4581219563808003 0.8582182359377294 -0.23148666292050835
-0.8760681856255796 0.480006293876461 0.04580684351355939
0.1504267828314617 0.1818128094078197 0.9717586385151123
-0.5655616518757954 -0.548126877818636 -0.13514796510727337
0.45644670655515 0.6974098931147674 0.5525177785345549
-0.704484012201145 -0.09602289469024032 0.7031930393649973
0.5434677241335828 -0.710210507750553 0.44748453296581303
-0.5659510368825665 -0.5099178381756231 -0.12956135490667103
-0.9680787359588466 0.17861543426679294 0.17584319862031017
-0.1576501437230352 -0.9793156239861842 0.12683365564454677
0.19486057080832564 0.0950637684781203 0.9762132308306942
-0.6223293852119819 -0.3736008625644854 -0.09024441426487606
0.8944225271530717 -0.08316427213349745 0.43942152484700436
0.02564939087260186 0.9904788591348337 0.13524955546970552
-0.44648560283545524 -0.10969984955106567 0.8880397479662443
-0.7499810799615835 -0.3080111100157242 -0.1637929235780531
0.427012552235814 0.8994969531774493 -0.09254934454202439
0.5683046832949211 -0.1873510850291355 0.801204064492833
0.703341960680015 -0.39472103337323483 -0.5911893713677757
-0.5136630746879368 -0.3106646297584442 -0.20003938889501216
-0.03530230572017701 -0.7113629401503255 -0.7019380973187143
-0.7606161130339201 -0.4364678636895181 0.48058133964675515
-0.6482402281028 0.550871188981888 -0.5256653658758791
-0.6517369427616447 -0.2101428512042867 -0.1738220906457329
-0.708883435423997 0.562947701202216 -0.4249398681104776
-0.14579258442520296 0.4725118775140212 0.8691806855975508
0.6900925985156219 0.6781011298066717 -0.2528824746373845
-0.5596469161303723 -0.29331014320580634 -0.1641102197342891
-0.11334602088754783 -0.8850475578346519 0.45149020353219765
0.9550227425188172 0.028273212937781816 0.29518031557848623
-0.2740131678911828 0.46464137270897254 0.8420356639068274
-0.623558283618706 -0.21092636764421985 -0.16583963153347173
-0.7998744359204545 -0.39265280644587214 -0.45389936653691904
-0.5841699982414686 0.3359078576312597 0.7388582946044369
-0.13764605637327773 0.8561479062197088 -0.49805924209326746
-0.655871033638974 -0.12277008841056883 -0.09042016988021102
0.43317093228493814 -0.8909557938022782 0.13623834817550626
0.6977563570681311 0.42716950207223325 0.5750320613239833
-0.5705254213560571 -0.15402627828793009 0.8067070840892464
-0.6913783629623574 -0.12528119950706856 -0.20055447142373084
0.8305572348334407 -0.38989021500681287 0.3976921496896797
-0.06823937094940423 0.637452418380456 0.7674607702440795
-0.5527355545509365 -0.6645590318483107 0.5028352394132559
-0.6898760414335245 -0.12291935711135987 -0.16634522891896747
-0.11142807645689767 -0.45359608367159804 -0.8842145127189888
0.6786147067700743 0.6152723505063721 -0.4011497701006602
0.7259920455409428 -0.6447401205367065 0.2392580276158202
-0.7267902546106224 -0.050728007096058014 -0.06291987665238932
0.3262609425721825 0.6909308254697217 -0.6451115749705395
-0.9186483489180302 0.39260550085193513 -0.04410981666520448
0.2227975512264272 0.6070217393791982 0.762813921804193
-0.9122543091481603 -0.04346185066207005 -0.08739076160882392
0.7480888042856804 -0.23758976695537096 -0.6196087719125097
0.6049145910880922 0.6280506681852795 0.48952026280496613
0.2728411553423633 -0.741013998066903 0.6135590572909905
-0.9022713013177731 0.0010741208686147474 0.06111070111359605
-0.7269951556048417 0.683943006195698 -0.06082880372815183
-0.4121601235426118 -0.3638117755408047 0.8353222139591101
0.5491830991208648 0.6323468492557592 0.5463836814745606
-1.0395479425744178 0.04113075171069144 0.14740581693065483
-0.8301991175822272 0.5108190699282233 -0.22323381413391918
-0.37370493453124776 -0.8071057534067089 -0.45708139640435586
-0.41365909149262775 -0.2960448763404078 0.860954569844156
-1.0390686947296128 0.001144956672167418 0.2501182688635451
-0.9511759215232182 0.02214793129975064 0.30785298575953063
0.3060059750636249 -0.06256492216521346 0.9499708777288318
0.0403006394953941 0.9977950018606867 0.052732870158724986
-1.0358788855352112 0.10061428137468409 0.35802517513619353
0.3366777267579778 -0.8588467954164476 0.38604489936524444
0.17873105430955985 0.46081426650561974 0.8693126472454914
-0.924501232668227 -0.2236799242871637 0.30864767821301475
-0.9607108746498778 -0.03922890450987686 0.4154988664775583
-0.17249110145518987 0.8650901766145439 -0.47102607115827066
-0.20505089668031118 0.436182010376711 0.8761841776673819
0.9634310732536583 0.24771840850256316 0.10214969407736853
-1.0594306095720132 0.04355749210000848 0.4699335267705755
-0.8468092039226558 -0.19146562058022254 -0.49624099939438027
-0.5100436475241863 0.5569723379353171 0.6554666474942684
0.1508930902830133 0.8081589303676454 -0.5693054413472886
-1.1828134815951088 0.15349873269250228 0.5840392649859552
0.647048168084095 -0.6615030019360474 -0.3791344277071075
0.7607135513675727 0.5936297682961151 0.26252111496145275
0.05140671177053249 -0.4582773542407786 0.8873207707155597
-1.1450057471282868 0.14621245297198524 0.4947024491966987
0.4148326034743963 -0.7753211342088258 0.4762262636453236
0.7434736436335632 0.5905561897619962 0.3138301402279415
-0.5245575585958332 0.2238747247713056 0.8214122727860019
-1.4011077390978999 0.13888570998006564 0.5095866226037147
0.050023582972473654 -0.10744424299303762 -0.9929523173846718
0.9502581053749775 0.31113766765100165 0.014205656400653318
0.30741753499981694 -0.944271098953144 0.11766310150777165
-1.2025246492470287 0.06150631932527967 0.515597978049431
0.15449638308938074 0.8968827000109959 0.4144052467737607
0.11881977138793788 -0.4332634623196329 0.8933998394534521
0.9808221248867143 -0.08878773314085604 -0.17350463970034982
-1.240940466949237 -0.05319109290635874 0.6227282976350655
0.3916411521750348 -0.1319981650852137 -0.9106006349494221
-0.4174569430480501 0.8564463942131431 -0.3036930487393665
0.8199672802416073 0.4990750343093686 0.2803161172201441
-1.5022233146551496 -0.004637634491208114 0.7637276067212799
-0.5711034720959084 0.8197934048603707 -0.042186719578464926
-0.8101696200697683 -0.5546355625482441 0.1897457103956995
0.1321539055718875 0.1425434077180258 0.9809263053978714
-1.5710135653247215 -0.03511652157000827 0.8613531085470278
0.7083917787580728 -0.4679673588066459 -0.5283831700431606
0.2656171033668025 -0.51682738192847 0.8138399401307779
-0.6539328573008959 -0.7168650410364287 -0.2418158901857505
-1.51103153968691 0.027201388141953487 0.8667836661962055
-0.2585153102567667 0.5955678203940333 -0.7605709193726725
0.4182841033296893 0.7787098353557479 0.46759781640175685
0.8707513384894803 -0.1972534575971278 -0.4504257324195551
-1.5219765178210478 -0.08222914284950099 0.8490511545378047
0.2014990796754753 0.9656919388732893 -0.16382018615474161
-0.013167189144114286 0.16990661410347557 0.9853722916190771
0.9793999511741915 -0.1963939634203973 0.04695136523071344
-1.5096749169700712 -0.048414867677812334 0.8298066263112446
-0.38641299761666525 0.03957131370466395 -0.9214763663849104
0.1811814641573694 0.9828696133622481 -0.03376900817523964
0.9043541483940516 -0.18000316674548464 -0.3869632580065587
-1.405579304265679 -0.1285870353045839 0.9803025087722185
-0.4693809846303944 -0.15850574100501116 -0.8686529318513987
-0.8809496381305554 0.15098433396500568 0.44847500915665767
0.06006722839056391 0.975744832888513 -0.21050533844489858
-1.3864183238130303 -0.05845856666963811 1.0069644853103734
-0.3585394617864591 0.24920757056857193 -0.8996357174262185
0.3386484642347586 -0.8633378467851109 -0.37411768310921173
-0.8699225146560986 -0.43879634030570225 0.22514710182000922
-1.4534078189920128 -0.17621813989000384 1.2601627396318176
0.9334000119095643 -0.3331917468082049 -0.13321839272259178
0.35876973354984765 0.8593445917116525 0.3644317022388974
-0.006945383061980571 -0.387955482737231 0.9216516950479965
-1.4609177791615298 -0.2828587942900799 1.3568439162355352
0.13859813283544029 0.036584988269737564 -0.9896727982031279
0.9672769204344556 -0.21944790446301493 0.12734926410551206
-0.21252235300912037 -0.9749376854897382 -0.06580299593816023
-1.4144430679390363 -0.23741165401143216 1.423003333726533
-0.14682747307401242 0.815661360728811 -0.5595870190375319
0.15406649407463144 0.5776716719079918 0.8015974024968787
0.9770902415987903 0.03148255940309604 -0.21048405368462317
-1.3711564653150965 -0.2880233801198067 1.3490607078452341
-0.17608529994691444 -0.19182225073555426 -0.9655041418908947
-0.8290896694644108 0.5576521782997647 0.04041450250050065
0.5306625068052215 0.8076058107186023 -0.2572317042672741
-1.4096634993409092 -0.40680375961088805 1.4060101772111075
-0.33206352083680646 0.37259493711302755 -0.8665489939545953
-0.31226183130266294 0.8234534185057335 0.4737248380985682
0.890070670553445 0.4278969829974023 -0.1570917228464972
-1.3914622256427072 -0.4083514429859345 1.3604196850200005
0.41673544681458063 -0.7454909034911041 -0.5201686356788795
0.46234822352898447 0.6665079949204086 -0.5848085184605348
0.7826650365978084 0.0032110176677172062 0.6224332120101468
-1.4225603636594104 -0.5513847719143034 1.4060542129726046
0.1202999569329329 -0.6268767247404579 -0.7697744274098801
-0.9926360961200693 -0.08703038487854411 -0.08425455053110979
-0.014176750505728773 0.7742417271681447 -0.6327303311365644
-1.4167539706774697 -0.5169399726486367 1.4321083656925282
0.8083237588508038 -0.20080457744892133 0.5534337592733544
-0.08875676187693883 0.887726852071676 0.45173248928121396
-0.5820081629738031 -0.41426727264830987 0.6997479891124249
-1.3102340338297436 -0.651223175131997 1.5536521553551934
0.1717651912966501 -0.47901168996776616 -0.8608389384903954
0.9827622254239998 0.1439647003048852 0.11598376022416448
0.06837317905864934 -0.8659215890167977 0.4954828940559074
-1.2805302314027711 -0.6812412059982489 1.5301453349472383
0.4086083363063498 -0.8083141646251784 0.4238728283444589
-0.172193180763537 0.38780049579023446 0.9055165376128443
-0.8963197047248908 -0.4429896821588682 0.019271914779952198
-1.3452729060151198 -0.781486677732512 1.5823924977300534
-0.9450777169634247 -0.3172590637107139 0.07858250106950558
-0.06923299823886793 0.42928643619231227 0.9005107154462106
-0.3194286937430442 0.8456120861196555 -0.42767419142273944
-1.3346395851071242 -0.8793430846937481 1.5417464319310221
0.45636313888357805 0.3591914486064394 -0.8140724849611785
0.2953253485027764 -0.9241818522949239 -0.24221875315995464
-0.8393536470316365 -0.12987588611433307 -0.5278403998532748
-1.3337394334918053 -1.005083417692706 1.5358944471064608
0.1992497628926522 0.9614503246246081 -0.18950706851475174
0.2523951119261908 0.13651046315284185 0.9579464932648319
0.9468873315736244 -0.23870109408774262 -0.21546499616736065
-1.3328122337712849 -1.072163888190994 1.4272203202814577
0.013931884264970142 0.9586551096626471 -0.28422953739456397
-0.9854307646155503 -0.03502312697983547 -0.16642907697261233
-0.1695026571297156 0.2824076104239633 0.944200343913364
-1.3503396295484127 -1.1214727791169377 1.5310120433874208
-0.6356871203257536 -0.052901694291152775 -0.7701317161414397
-0.7493926084162672 -0.19710230923011124 0.6321078696157918
-0.18523380788901317 0.9789540857683212 0.0856513209411277
-1.3813435438164683 -1.2906540654719487 1.696004184915123
-0.5859971199940567 0.7981703520176533 0.13975844142028193
-0.4024046187723592 -0.43635102719525554 0.8047785063471826
0.7033330122970971 0.4153577444238874 0.5768870747940447
-1.2287592417014066 -1.3697412995673526 1.5236512080347149
0.8257776242678185 0.5463454934225265 0.13999264129612046
-0.5526525138127981 0.833377723719418 0.007543694310324506
-0.1125445554237879 -0.08359654155587246 0.9901235712812415
-1.1531469603019622 -1.3866586463876418 1.6176602413312684
-0.31289367748731295 -0.9412350081164291 -0.12717791059403288
0.0865186782115351 -0.16159075086750277 0.9830574308510928
-0.945839252784708 0.29658951760409874 0.13199539266387833
-1.1401439696075943 -1.5132590124139262 1.595775930544648
-0.11340408226238409 0.7923365333840632 0.5994513782794989
-0.9932827470901678 -0.0764456260965913 -0.08686535196592944
-0.023001208150319193 -0.6052747235311018 0.7956837530250268
-1.1908870854287996 -1.644008530316457 1.447582259278203
0.5585371771626666 0.8242004353262046 -0.09343712777636763
-0.73738026947954 0.5449491407702267 0.39912549116727225
0.37987720392054325 -0.15402711856869336 0.9121223720246969
-1.168065350877452 -1.7252108665581563 1.2910324015414822
0.5145389655072081 -0.2869333955920603 0.8080340083766802
0.38199243502816604 0.9203771499118402 0.08358193380854147
-0.7676782312274397 0.26565671904363275 0.5831765149235296
-1.1502609311207432 -1.6426002230244083 1.372114669900422
-0.5391096371262707 -0.6194218870192448 -0.5706813522252366
-0.7478021455099844 0.04029241617063756 0.6626977496956732
-0.3874947546558817 0.7840240316533653 -0.48492668503150554
-1.116917627180323 -1.7816368127185533 1.425976006508391
0.806198936860044 0.4970988342163177 -0.3208368250588777
-0.45580525478578 0.8675796815827599 0.19886274925830447
0.3772062120151287 -0.014083484929538393 0.9260217728721923
-0.951121965070343 -1.8580663491418017 1.2587045362255473
-0.5644700276848847 -0.4904350419714788 -0.663962835457643
0.2807828338670629 -0.8704765748140145 0.4042668153635081
-0.776230820046318 0.04176675974964797 0.6290636222601632
-1.0703777557361125 -1.9865352269693777 1.4150253801160093
-0.8622996715580271 0.4156508243865418 -0.28926514301477496
0.29205878273958014 0.8748445165339771 0.3864563944506837
0.4136928939692704 0.2487591844002022 -0.8757723746439244
-1.056187567551218 -2.0028804778744673 1.3714971750749358
0.7031656979718278 0.25655432674724576 -0.6631278878064764
-0.7100726965296897 0.30165334350247336 -0.6362399845074078
0.03680467351908619 0.9182508906963414 0.3942838534540211
-1.0092914170654803 -1.8351984724377857 1.4028371251220528
0.22723592849212498 0.9045444496214273 0.3607815952757673
0.33936914221099 -0.420802903127305 0.8412807273929075
0.9127930979774659 -0.06873126683660989 -0.4025963120894211
-1.0314782935384572 -1.8414816523663426 1.3394916418599605
0.24683985801861985 0.9454475435882423 0.21260228321538074
0.7057730367755631 -0.3257330889913565 0.6291111992856843
0.6640432457503399 -0.005240709900756464 -0.7476753431156065
-0.8959529460054206 -1.894513043947527 1.30572682170272
-0.5983150176433465 0.7921964971411982 0.1201797373219312
0.20758904982086218 0.008389519344606059 0.9781800616170478
0.7739021314422382 0.6102083656772931 -0.16947116072629873
-0.8522963154247316 -2.0419768781696948 1.2434841313320448
0.5327227581526779 -0.3221323850357446 -0.7825837647132515
0.3890413305457983 -0.7280047810149477 0.5644953265066385
-0.7515663023343853 -0.6051777247889141 -0.2625023832716634
-0.8473798939493765 -2.1081776332546083 1.1776308306502874
0.44126808282445157 -0.6615625576554978 -0.606314350767435
-0.24121436521303502 -0.7382293948376542 0.6299457305028305
-0.8643480759911774 -0.13172303368209323 -0.48533571785684787
-0.6909540661400305 -2.1600612519693425 1.236778277220466
-0.5853557502084535 0.451769446341503 0.673247243205629
-0.16912936082762298 -0.8801445507323014 0.443554452113962
0.7929394512750669 0.1457709432216499 0.5916050890076483
-0.6625601482529934 -2.1156657106104646 1.1413377866814631
-0.8478470590540149 -0.44888462574771915 -0.28223704446474734
-0.5009333380016417 0.5035753183951406 0.7039020098247313
-0.1738431092631713 0.7381824466536101 -0.6518154251503676
-0.725616939954449 -2.1940136992506556 1.134263708408136
-0.1370772164407107 0.5255373435366608 -0.8396547423336972
-0.8830730114525108 -0.4488587623166067 -0.13677407845322395
-0.4487662321294322 0.7227277714414789 0.525616197596798
-0.7044173194484673 -2.2547461172157557 1.1092637580363338
-0.278127109715541 0.9088729729247383 -0.3107961892794263
0.17603783094499056 0.36631320364582504 0.9136876758278597
0.9442745632784006 0.19940941833171497 -0.26187746790169414
-0.7164203333125457 -2.183205730444499 1.0446602625771515
-0.596436842295064 0.044183641008243235 0.8014425089728645
0.2328500328720309 -0.9460214994859278 0.22544220003534354
0.7681423836171074 0.3210781910688602 0.5539541341335292
-0.5707849325920861 -2.2124849756375675 1.0101764075078004
-0.9597544256749287 0.2679510689182306 -0.08410594893974654
-0.09691364854673876 -0.03491301557115207 0.9946801561988265
0.26358915287257384 0.9627991704437292 0.059475881597723594
-0.554539565536754 -2.2738558511126916 0.9574773848261007
-0.6360167273530577 -0.7655144672398251 0.09731834815473094
0.49964854831872185 -0.3124156483081859 0.8079276984126874
-0.5880763012173295 0.5624806077895359 0.581188967529406
-0.6863839868489072 -2.3464522093696014 0.9709837248089592
0.18469015456324445 -0.05498437704877807 -0.9812575016891516
0.9748666822576679 0.13682920902308396 0.1758197696486375
0.12459734669419918 -0.9890669516949734 0.07887326177166382
-0.6205723661457787 -2.312359537226455 0.8135435114714812
-0.8964176794367675 0.29395229569097525 -0.33170299073772236
0.12534344882703857 0.8859971848023477 0.44642682481278567
0.4251160609691434 0.358607785557352 -0.8310693805332591
-0.5637282254995023 -2.2871317220726177 0.6323639835756871
-0.20088861809454697 -0.7127888078109775 -0.6719946434581809
0.9734529406452197 -0.22206507383072432 -0.055462472799201565
-0.10969272161852302 -0.6652967812077613 0.7384760463201697
-0.5746149818476025 -2.3087115322504457 0.5985471645262872
-0.5799846833504734 0.3625508485688425 -0.72950261418505
-0.7232472003112747 -0.641259889540404 0.2563163907951073
-0.3748739847803841 0.6762709482574344 0.6341351504322882
-0.6209389844069156 -2.282154607523617 0.5631735572253628
-0.6708289095421005 0.3827989146678484 0.6351806924223385
-0.3945048393445097 -0.9094436922176685 0.13144041241718035
0.62797626993825 -0.16240743191665488 0.7610972167029106
-0.5145754751028981 -2.240254055983798 0.42242686841231986
-0.02793562598685321 0.5298280832251061 0.8476442327984454
-0.27591372995369606 -0.8191196507582541 0.5029054077893047
0.9607764488792621 -0.21982703242188995 0.16906922396797708
